# MATLAB generated HMM for IMAGE ONLY

# Number of states
2

# Number of possible symbols
256

# Initial state probability matrix (Pi)
1.000000 0.000000 

# State transistion probability matrix (A)
0.999283 0.000717 
0.292326 0.707674 

# State output probability (B)
0.092437 0.000098 
0.272038 0.000098 
0.192492 0.000098 
0.100641 0.000098 
0.057132 0.000098 
0.042922 0.000098 
0.030471 0.000098 
0.020509 0.000098 
0.013917 0.000098 
0.014942 0.000098 
0.011374 0.091286 
0.009815 0.000098 
0.007618 0.000098 
0.006153 0.000098 
0.007032 0.000098 
0.004688 0.000098 
0.005368 0.003905 
0.006153 0.000098 
0.003516 0.000098 
0.004248 0.000098 
0.004541 0.000098 
0.004688 0.000098 
0.003662 0.000098 
0.004834 0.000098 
0.004248 0.000098 
0.001611 0.000098 
0.003369 0.000098 
0.003223 0.000098 
0.001465 0.000098 
0.002051 0.000098 
0.002505 0.042602 
0.002664 0.019792 
0.004160 0.017515 
0.002637 0.000098 
0.003223 0.000098 
0.001172 0.000098 
0.004541 0.000098 
0.000732 0.000098 
0.001688 0.027036 
0.001465 0.000098 
0.001608 0.000222 
0.002344 0.000098 
0.000228 0.026729 
0.001664 0.017920 
0.000293 0.000098 
0.000586 0.000098 
0.001758 0.000098 
0.000586 0.000098 
0.000098 0.021851 
0.000439 0.000098 
0.000098 0.000098 
0.000879 0.000098 
0.000586 0.000098 
0.000098 0.000098 
0.000591 0.021469 
0.000098 0.000098 
0.000586 0.000098 
0.000098 0.000098 
0.000586 0.000098 
0.000586 0.000098 
0.000586 0.000098 
0.000293 0.000098 
0.000098 0.000098 
0.000293 0.000098 
0.000098 0.021851 
0.000098 0.000098 
0.000586 0.000098 
0.000098 0.021851 
0.000586 0.000098 
0.000098 0.043702 
0.000098 0.000098 
0.000098 0.000098 
0.000293 0.000098 
0.000283 0.044468 
0.000586 0.000098 
0.000286 0.044258 
0.000098 0.000098 
0.000293 0.000098 
0.000293 0.000098 
0.000098 0.000098 
0.000098 0.000098 
0.000098 0.000098 
0.000098 0.000098 
0.000464 0.030963 
0.000098 0.000098 
0.000586 0.000098 
0.000098 0.000098 
0.000098 0.000099 
0.000098 0.021851 
0.000098 0.000099 
0.000293 0.000099 
0.000586 0.000099 
0.000098 0.021851 
0.000098 0.000099 
0.000098 0.000099 
0.000098 0.000099 
0.000098 0.000099 
0.000098 0.043702 
0.000098 0.000099 
0.000098 0.021851 
0.000098 0.000099 
0.000098 0.000099 
0.000098 0.000099 
0.000098 0.000099 
0.000098 0.021851 
0.000099 0.000099 
0.000099 0.000099 
0.000099 0.000099 
0.000099 0.000099 
0.000099 0.021851 
0.000099 0.000099 
0.000099 0.021851 
0.000099 0.000099 
0.000099 0.021851 
0.000099 0.021851 
0.000099 0.000099 
0.000099 0.021851 
0.000099 0.000099 
0.000099 0.000099 
0.000099 0.000099 
0.000099 0.000099 
0.000099 0.021851 
0.000099 0.000099 
0.000099 0.000099 
0.000099 0.021851 
0.000099 0.043702 
0.000099 0.043702 
0.000099 0.000099 
0.000099 0.043702 
0.000099 0.000099 
0.000099 0.000099 
0.000099 0.000099 
0.000099 0.000099 
0.000099 0.000099 
0.000099 0.000099 
0.000099 0.000099 
0.000099 0.000099 
0.000099 0.000099 
0.000099 0.000099 
0.000099 0.000099 
0.000099 0.000099 
0.000099 0.000099 
0.000099 0.000099 
0.000099 0.000099 
0.000099 0.000099 
0.000099 0.000099 
0.000099 0.000099 
0.000099 0.000099 
0.000099 0.000099 
0.000099 0.000099 
0.000099 0.000099 
0.000099 0.000099 
0.000099 0.000099 
0.000099 0.000099 
0.000099 0.000099 
0.000099 0.000099 
0.000099 0.000099 
0.000099 0.021851 
0.000099 0.000099 
0.000099 0.000099 
0.000099 0.000099 
0.000099 0.000099 
0.000099 0.000099 
0.000099 0.000099 
0.000099 0.000099 
0.000099 0.000099 
0.000099 0.000099 
0.000099 0.000099 
0.000099 0.000099 
0.000099 0.000099 
0.000099 0.000099 
0.000099 0.000099 
0.000099 0.000099 
0.000099 0.000099 
0.000099 0.000099 
0.000099 0.000099 
0.000099 0.000099 
0.000099 0.000099 
0.000099 0.000099 
0.000099 0.000099 
0.000099 0.000099 
0.000099 0.000099 
0.000099 0.000099 
0.000099 0.000099 
0.000099 0.000099 
0.000099 0.000099 
0.000099 0.000099 
0.000099 0.000099 
0.000099 0.000099 
0.000099 0.000099 
0.000099 0.000099 
0.000099 0.000099 
0.000099 0.000099 
0.000099 0.000099 
0.000099 0.000099 
0.000099 0.000099 
0.000099 0.000099 
0.000099 0.000099 
0.000099 0.000099 
0.000099 0.000099 
0.000099 0.000099 
0.000099 0.000099 
0.000099 0.000099 
0.000099 0.000099 
0.000099 0.000100 
0.000099 0.000100 
0.000100 0.000100 
0.000100 0.000100 
0.000100 0.000100 
0.000100 0.000100 
0.000100 0.000100 
0.000100 0.000100 
0.000100 0.000100 
0.000100 0.000100 
0.000100 0.000100 
0.000100 0.000100 
0.000100 0.000100 
0.000100 0.000100 
0.000100 0.000100 
0.000100 0.000100 
0.000100 0.000100 
0.000100 0.000100 
0.000100 0.000100 
0.000100 0.000100 
0.000100 0.000100 
0.000100 0.000100 
0.000100 0.021851 
0.000100 0.000100 
0.000100 0.000100 
0.000100 0.000100 
0.000100 0.000100 
0.000100 0.000100 
0.000100 0.000100 
0.000100 0.000100 
0.000100 0.000100 
0.000100 0.000100 
0.000100 0.000100 
0.000100 0.000100 
0.000100 0.000100 
0.000100 0.000100 
0.000100 0.000100 
0.000100 0.000100 
0.000100 0.000100 
0.000100 0.000100 
0.000100 0.000100 
0.000100 0.000100 
0.000100 0.000100 
0.000100 0.000100 
0.000100 0.000100 
0.000100 0.000100 
0.000100 0.000100 
0.000100 0.000100 
0.000100 0.000100 
0.000100 0.000100 
0.000100 0.000100 
0.000100 0.021851 

# Data matrix dimensions (down, across)
6790 1

# Observation sequence
0 
0 
0 
0 
0 
0 
0 
0 
0 
0 
0 
0 
0 
0 
0 
0 
1 
0 
0 
1 
0 
1 
1 
0 
1 
1 
1 
1 
1 
2 
1 
1 
5 
1 
16 
104 
226 
255 
157 
42 
1 
4 
3 
1 
2 
1 
1 
1 
1 
1 
1 
1 
1 
1 
1 
2 
1 
3 
4 
1 
42 
157 
255 
226 
104 
16 
1 
5 
1 
1 
2 
1 
1 
1 
1 
1 
0 
1 
1 
0 
1 
0 
0 
1 
0 
0 
0 
0 
0 
0 
0 
0 
0 
0 
0 
0 
0 
0 
0 
0 
0 
0 
1 
1 
1 
1 
1 
1 
1 
1 
1 
1 
1 
1 
1 
1 
1 
2 
1 
2 
2 
2 
3 
3 
3 
6 
5 
9 
14 
13 
54 
113 
64 
73 
109 
10 
111 
83 
23 
13 
14 
6 
7 
6 
4 
5 
4 
4 
5 
4 
6 
7 
6 
14 
13 
23 
83 
111 
10 
109 
73 
64 
113 
54 
13 
14 
9 
5 
6 
3 
3 
3 
2 
2 
2 
1 
2 
1 
1 
1 
1 
1 
1 
1 
1 
1 
1 
1 
1 
1 
1 
1 
0 
0 
0 
1 
1 
1 
1 
0 
1 
1 
1 
1 
1 
1 
1 
1 
1 
1 
2 
1 
1 
2 
2 
3 
3 
3 
4 
4 
5 
7 
6 
13 
14 
20 
59 
60 
30 
114 
128 
126 
125 
67 
38 
75 
36 
14 
17 
11 
9 
10 
6 
8 
8 
6 
10 
9 
11 
17 
14 
36 
75 
38 
67 
125 
126 
128 
114 
30 
60 
59 
20 
14 
13 
6 
7 
5 
4 
4 
3 
3 
3 
2 
2 
1 
1 
2 
1 
1 
1 
1 
1 
1 
1 
1 
1 
1 
0 
1 
1 
0 
0 
0 
0 
0 
1 
0 
0 
1 
1 
1 
1 
1 
1 
1 
1 
1 
1 
2 
1 
2 
2 
2 
4 
2 
5 
5 
5 
11 
7 
17 
36 
10 
97 
128 
92 
43 
32 
73 
125 
126 
48 
30 
31 
10 
13 
11 
6 
9 
6 
6 
9 
6 
11 
13 
10 
31 
30 
48 
126 
125 
73 
32 
43 
92 
128 
97 
10 
36 
17 
7 
11 
5 
5 
5 
2 
4 
2 
2 
2 
1 
2 
1 
1 
1 
1 
1 
1 
1 
1 
1 
1 
0 
0 
1 
0 
0 
0 
0 
0 
0 
0 
0 
0 
0 
0 
0 
1 
0 
0 
0 
0 
1 
0 
0 
1 
0 
1 
0 
0 
1 
2 
1 
0 
3 
3 
7 
1 
69 
121 
97 
31 
9 
2 
9 
8 
10 
75 
124 
99 
22 
12 
2 
1 
4 
2 
3 
3 
2 
4 
1 
2 
12 
22 
99 
124 
75 
10 
8 
9 
2 
9 
31 
97 
121 
69 
1 
7 
3 
3 
0 
1 
2 
1 
0 
0 
1 
0 
1 
0 
0 
1 
0 
0 
0 
0 
1 
0 
0 
0 
0 
0 
0 
0 
1 
1 
1 
1 
1 
1 
1 
1 
1 
2 
1 
2 
1 
2 
2 
1 
2 
2 
2 
3 
2 
4 
4 
3 
7 
4 
8 
14 
9 
36 
90 
91 
31 
29 
39 
18 
21 
27 
16 
31 
40 
10 
88 
116 
69 
17 
14 
17 
7 
11 
11 
7 
17 
14 
17 
69 
116 
88 
10 
40 
31 
16 
27 
21 
18 
39 
29 
31 
91 
90 
36 
9 
14 
8 
4 
7 
3 
4 
4 
2 
3 
2 
2 
2 
1 
2 
2 
1 
2 
1 
2 
1 
1 
1 
1 
1 
1 
1 
1 
2 
1 
1 
2 
1 
2 
1 
1 
2 
2 
2 
2 
2 
4 
3 
4 
4 
3 
6 
5 
6 
9 
8 
14 
16 
17 
52 
74 
34 
32 
63 
43 
22 
29 
25 
21 
30 
24 
32 
66 
59 
7 
74 
78 
36 
20 
26 
20 
20 
26 
20 
36 
78 
74 
7 
59 
66 
32 
24 
30 
21 
25 
29 
22 
43 
63 
32 
34 
74 
52 
17 
16 
14 
8 
9 
6 
5 
6 
3 
4 
4 
3 
4 
2 
2 
2 
2 
2 
1 
1 
2 
1 
2 
1 
1 
1 
1 
1 
1 
1 
1 
2 
1 
2 
2 
1 
2 
2 
2 
3 
2 
3 
3 
3 
5 
4 
6 
7 
6 
13 
12 
18 
39 
23 
34 
75 
66 
29 
18 
23 
14 
15 
18 
12 
21 
23 
22 
56 
85 
56 
12 
54 
41 
21 
26 
26 
21 
41 
54 
12 
56 
85 
56 
22 
23 
21 
12 
18 
15 
14 
23 
18 
29 
66 
75 
34 
23 
39 
18 
12 
13 
6 
7 
6 
4 
5 
3 
3 
3 
2 
3 
2 
2 
2 
1 
2 
2 
1 
2 
1 
1 
1 
0 
0 
1 
0 
0 
1 
0 
1 
1 
1 
1 
0 
1 
1 
1 
2 
1 
1 
2 
1 
3 
2 
2 
5 
1 
9 
15 
18 
61 
68 
36 
7 
9 
11 
4 
7 
5 
3 
8 
4 
7 
11 
4 
25 
73 
85 
40 
14 
27 
10 
10 
27 
14 
40 
85 
73 
25 
4 
11 
7 
4 
8 
3 
5 
7 
4 
11 
9 
7 
36 
68 
61 
18 
15 
9 
1 
5 
2 
2 
3 
1 
2 
1 
1 
2 
1 
1 
1 
0 
1 
1 
1 
1 
0 
1 
0 
0 
1 
0 
1 
0 
0 
1 
0 
0 
0 
0 
1 
0 
1 
1 
1 
1 
0 
1 
1 
0 
2 
1 
1 
5 
1 
11 
43 
58 
38 
4 
10 
2 
3 
4 
0 
3 
2 
1 
4 
1 
3 
5 
0 
8 
6 
39 
83 
77 
35 
4 
4 
35 
77 
83 
39 
6 
8 
0 
5 
3 
1 
4 
1 
2 
3 
0 
4 
3 
2 
10 
4 
38 
58 
43 
11 
1 
5 
1 
1 
2 
0 
1 
1 
0 
1 
1 
1 
1 
0 
1 
0 
0 
0 
0 
1 
0 
0 
1 
1 
1 
1 
1 
1 
1 
1 
1 
1 
1 
1 
1 
1 
2 
2 
3 
2 
2 
4 
3 
5 
6 
5 
18 
32 
24 
0 
18 
14 
6 
7 
6 
4 
6 
3 
4 
5 
3 
5 
5 
5 
8 
6 
11 
26 
10 
41 
68 
60 
60 
68 
41 
10 
26 
11 
6 
8 
5 
5 
5 
3 
5 
4 
3 
6 
4 
6 
7 
6 
14 
18 
0 
24 
32 
18 
5 
6 
5 
3 
4 
2 
2 
3 
2 
2 
1 
1 
1 
1 
1 
1 
1 
1 
1 
1 
1 
0 
0 
0 
0 
0 
1 
1 
1 
1 
1 
1 
1 
1 
1 
1 
2 
1 
2 
2 
2 
4 
4 
5 
12 
12 
3 
13 
16 
8 
5 
6 
4 
3 
4 
2 
3 
3 
2 
3 
2 
3 
4 
3 
6 
7 
8 
24 
32 
11 
72 
72 
11 
32 
24 
8 
7 
6 
3 
4 
3 
2 
3 
2 
3 
3 
2 
4 
3 
4 
6 
5 
8 
16 
13 
3 
12 
12 
5 
4 
4 
2 
2 
2 
1 
2 
1 
1 
1 
1 
1 
1 
1 
1 
1 
1 
0 
0 
0 
0 
0 
0 
0 
0 
0 
0 
0 
0 
0 
0 
0 
0 
0 
0 
1 
1 
1 
1 
1 
2 
3 
1 
4 
7 
5 
2 
1 
2 
1 
1 
1 
0 
1 
1 
1 
1 
0 
1 
1 
1 
1 
1 
2 
3 
2 
13 
51 
91 
91 
51 
13 
2 
3 
2 
1 
1 
1 
1 
1 
0 
1 
1 
1 
1 
0 
1 
1 
1 
2 
1 
2 
5 
7 
4 
1 
3 
2 
1 
1 
1 
1 
1 
0 
0 
0 
0 
0 
0 
0 
0 
0 
0 
0 
0 
0 
0 
0 
0 
0 
0 
0 
0 
0 
0 
0 
0 
0 
0 
0 
0 
0 
0 
0 
0 
0 
1 
0 
5 
10 
10 
4 
0 
0 
0 
0 
0 
0 
0 
0 
0 
0 
0 
0 
0 
0 
0 
0 
0 
0 
0 
0 
3 
5 
41 
83 
83 
41 
5 
3 
0 
0 
0 
0 
0 
0 
0 
0 
0 
0 
0 
0 
0 
0 
0 
0 
0 
0 
0 
0 
4 
10 
10 
5 
0 
1 
0 
0 
0 
0 
0 
0 
0 
0 
0 
0 
0 
0 
0 
0 
0 
0 
0 
0 
0 
1 
0 
1 
1 
0 
1 
1 
1 
1 
0 
1 
1 
1 
2 
1 
2 
4 
2 
8 
21 
22 
10 
4 
6 
1 
2 
2 
1 
2 
1 
1 
1 
1 
1 
1 
1 
1 
1 
1 
2 
1 
3 
3 
3 
22 
46 
32 
5 
5 
32 
46 
22 
3 
3 
3 
1 
2 
1 
1 
1 
1 
1 
1 
1 
1 
1 
1 
2 
1 
2 
2 
1 
6 
4 
10 
22 
21 
8 
2 
4 
2 
1 
2 
1 
1 
1 
0 
1 
1 
1 
1 
0 
1 
1 
0 
1 
1 
1 
1 
1 
1 
2 
1 
2 
2 
2 
3 
2 
3 
4 
3 
5 
5 
6 
19 
27 
16 
9 
19 
12 
6 
7 
4 
3 
4 
3 
3 
3 
2 
3 
2 
2 
3 
2 
3 
3 
3 
6 
5 
10 
31 
33 
2 
29 
39 
39 
29 
2 
33 
31 
10 
5 
6 
3 
3 
3 
2 
3 
2 
2 
3 
2 
3 
3 
3 
4 
3 
4 
7 
6 
12 
19 
9 
16 
27 
19 
6 
5 
5 
3 
4 
3 
2 
3 
2 
2 
2 
1 
2 
1 
1 
1 
2 
1 
2 
1 
1 
2 
1 
2 
2 
2 
3 
2 
4 
4 
4 
7 
7 
9 
17 
9 
16 
34 
29 
12 
7 
8 
5 
5 
4 
2 
3 
3 
3 
3 
2 
2 
2 
2 
3 
3 
4 
6 
4 
13 
26 
7 
30 
47 
38 
21 
21 
38 
47 
30 
7 
26 
13 
4 
6 
4 
3 
3 
2 
2 
2 
2 
3 
3 
3 
3 
2 
4 
5 
5 
8 
7 
12 
29 
34 
16 
9 
17 
9 
7 
7 
4 
4 
4 
2 
3 
2 
2 
2 
1 
2 
1 
1 
1 
1 
1 
1 
1 
0 
1 
0 
1 
2 
1 
3 
2 
2 
5 
2 
7 
13 
1 
23 
30 
17 
3 
5 
5 
2 
4 
3 
2 
3 
1 
1 
1 
1 
1 
1 
1 
2 
0 
2 
3 
2 
9 
4 
32 
58 
51 
24 
8 
13 
13 
8 
24 
51 
58 
32 
4 
9 
2 
3 
2 
0 
2 
1 
1 
1 
1 
1 
1 
1 
3 
2 
3 
4 
2 
5 
5 
3 
17 
30 
23 
1 
13 
7 
2 
5 
2 
2 
3 
1 
2 
1 
0 
1 
0 
1 
1 
0 
0 
0 
0 
0 
0 
1 
0 
1 
2 
1 
2 
1 
1 
3 
1 
7 
35 
52 
40 
10 
6 
2 
2 
2 
1 
1 
1 
0 
0 
1 
0 
1 
0 
1 
0 
0 
1 
1 
3 
4 
1 
16 
45 
46 
21 
5 
7 
2 
3 
3 
2 
7 
5 
21 
46 
45 
16 
1 
4 
3 
1 
1 
0 
0 
1 
0 
1 
0 
1 
0 
0 
1 
1 
1 
2 
2 
2 
6 
10 
40 
52 
35 
7 
1 
3 
1 
1 
2 
1 
2 
1 
0 
1 
0 
0 
0 
2 
1 
2 
2 
2 
2 
1 
2 
2 
2 
5 
4 
6 
9 
7 
20 
38 
32 
4 
19 
14 
4 
6 
6 
4 
5 
3 
3 
3 
2 
2 
1 
1 
2 
1 
2 
3 
2 
5 
5 
9 
34 
49 
28 
7 
25 
17 
10 
14 
9 
9 
14 
10 
17 
25 
7 
28 
49 
34 
9 
5 
5 
2 
3 
2 
1 
2 
1 
1 
2 
2 
3 
3 
3 
5 
4 
6 
6 
4 
14 
19 
4 
32 
38 
20 
7 
9 
6 
4 
5 
2 
2 
2 
1 
2 
2 
2 
2 
3 
2 
3 
3 
3 
4 
3 
4 
5 
4 
8 
9 
11 
28 
33 
11 
19 
30 
17 
9 
10 
5 
4 
5 
4 
4 
3 
3 
3 
2 
2 
2 
2 
3 
3 
3 
6 
6 
13 
29 
19 
21 
41 
36 
17 
14 
17 
12 
14 
14 
12 
17 
14 
17 
36 
41 
21 
19 
29 
13 
6 
6 
3 
3 
3 
2 
2 
2 
2 
3 
3 
3 
4 
4 
5 
4 
5 
10 
9 
17 
30 
19 
11 
33 
28 
11 
9 
8 
4 
5 
4 
3 
4 
3 
3 
3 
2 
2 
3 
2 
3 
4 
3 
5 
4 
4 
7 
4 
9 
19 
10 
28 
45 
33 
11 
6 
8 
5 
6 
4 
1 
3 
2 
3 
3 
2 
2 
2 
2 
2 
3 
4 
5 
3 
12 
17 
8 
37 
43 
27 
11 
14 
12 
7 
11 
9 
9 
11 
7 
12 
14 
11 
27 
43 
37 
8 
17 
12 
3 
5 
4 
3 
2 
2 
2 
2 
2 
3 
3 
2 
3 
1 
4 
6 
5 
8 
6 
11 
33 
45 
28 
10 
19 
9 
4 
7 
4 
4 
5 
3 
4 
3 
2 
0 
1 
0 
1 
1 
0 
2 
1 
2 
3 
1 
4 
2 
24 
46 
41 
16 
1 
3 
3 
1 
2 
1 
1 
2 
0 
0 
0 
1 
1 
0 
1 
1 
2 
1 
1 
1 
6 
5 
36 
51 
36 
10 
2 
5 
2 
2 
5 
1 
2 
2 
1 
5 
2 
2 
5 
2 
10 
36 
51 
36 
5 
6 
1 
1 
1 
2 
1 
1 
0 
1 
1 
0 
0 
0 
2 
1 
1 
2 
1 
3 
3 
1 
16 
41 
46 
24 
2 
4 
1 
3 
2 
1 
2 
0 
1 
1 
1 
2 
1 
2 
3 
2 
4 
2 
2 
4 
1 
10 
30 
33 
15 
9 
11 
3 
4 
3 
1 
3 
2 
1 
1 
0 
1 
1 
1 
1 
1 
0 
2 
1 
4 
5 
3 
20 
39 
32 
6 
14 
10 
3 
7 
5 
4 
6 
3 
5 
5 
3 
6 
4 
5 
7 
3 
10 
14 
6 
32 
39 
20 
3 
5 
4 
1 
2 
0 
1 
1 
1 
1 
1 
0 
1 
1 
2 
3 
1 
3 
4 
3 
11 
9 
15 
33 
30 
10 
1 
4 
2 
2 
4 
2 
3 
2 
3 
2 
4 
3 
4 
6 
4 
8 
9 
9 
21 
33 
24 
5 
19 
14 
7 
8 
6 
4 
5 
2 
3 
3 
2 
2 
2 
2 
2 
2 
2 
3 
3 
6 
6 
12 
36 
44 
21 
16 
26 
15 
11 
13 
8 
9 
10 
7 
9 
6 
6 
9 
7 
10 
9 
8 
13 
11 
15 
26 
16 
21 
44 
36 
12 
6 
6 
3 
3 
2 
2 
2 
2 
2 
2 
2 
3 
3 
2 
5 
4 
6 
8 
7 
14 
19 
5 
24 
33 
21 
9 
9 
8 
4 
6 
4 
3 
3 
4 
3 
5 
5 
5 
9 
9 
12 
27 
30 
8 
20 
27 
12 
6 
8 
5 
5 
5 
3 
3 
2 
2 
3 
2 
2 
2 
2 
3 
3 
3 
6 
5 
13 
23 
11 
34 
47 
33 
13 
11 
12 
8 
10 
8 
6 
9 
7 
8 
8 
7 
9 
6 
8 
10 
8 
12 
11 
13 
33 
47 
34 
11 
23 
13 
5 
6 
3 
3 
3 
2 
2 
2 
2 
3 
2 
2 
3 
3 
5 
5 
5 
8 
6 
12 
27 
20 
8 
30 
27 
12 
9 
9 
5 
5 
5 
3 
2 
4 
3 
3 
6 
4 
9 
16 
5 
32 
46 
30 
8 
5 
5 
1 
3 
2 
1 
2 
1 
2 
1 
0 
1 
1 
1 
2 
2 
3 
4 
2 
10 
10 
20 
41 
38 
17 
6 
10 
7 
3 
6 
4 
5 
5 
3 
5 
4 
4 
5 
3 
5 
5 
4 
6 
3 
7 
10 
6 
17 
38 
41 
20 
10 
10 
2 
4 
3 
2 
2 
1 
1 
1 
0 
1 
2 
1 
2 
1 
2 
3 
1 
5 
5 
8 
30 
46 
32 
5 
16 
9 
4 
6 
3 
3 
1 
1 
1 
1 
1 
2 
2 
3 
28 
46 
37 
11 
3 
3 
2 
1 
1 
1 
1 
0 
1 
1 
0 
1 
0 
1 
1 
0 
2 
0 
1 
1 
3 
12 
38 
42 
24 
4 
5 
2 
2 
1 
1 
2 
0 
1 
1 
1 
2 
1 
1 
2 
1 
1 
1 
0 
2 
1 
1 
2 
2 
5 
4 
24 
42 
38 
12 
3 
1 
1 
0 
2 
0 
1 
1 
0 
1 
0 
1 
1 
0 
1 
1 
1 
1 
2 
3 
3 
11 
37 
46 
28 
3 
2 
2 
1 
1 
2 
4 
3 
5 
7 
5 
17 
36 
34 
10 
13 
12 
4 
5 
3 
1 
2 
1 
1 
2 
1 
1 
0 
0 
2 
2 
2 
2 
2 
5 
6 
6 
22 
34 
23 
7 
17 
10 
6 
9 
6 
5 
5 
3 
5 
4 
3 
5 
3 
4 
4 
3 
5 
3 
4 
5 
3 
5 
5 
6 
9 
6 
10 
17 
7 
23 
34 
22 
6 
6 
5 
2 
2 
2 
2 
2 
0 
0 
1 
1 
2 
1 
1 
2 
1 
3 
5 
4 
12 
13 
10 
34 
36 
17 
5 
7 
5 
6 
4 
8 
8 
9 
24 
31 
15 
14 
25 
14 
7 
8 
5 
4 
4 
2 
2 
1 
1 
2 
1 
1 
1 
0 
2 
4 
4 
6 
5 
13 
32 
32 
9 
21 
24 
12 
10 
11 
7 
8 
8 
6 
7 
5 
6 
7 
6 
7 
5 
5 
7 
6 
7 
6 
5 
7 
6 
8 
8 
7 
11 
10 
12 
24 
21 
9 
32 
32 
13 
5 
6 
4 
4 
2 
0 
1 
1 
1 
2 
1 
1 
2 
2 
4 
4 
5 
8 
7 
14 
25 
14 
15 
31 
24 
9 
8 
4 
7 
7 
10 
19 
10 
17 
35 
28 
10 
6 
7 
4 
5 
4 
2 
3 
2 
1 
1 
1 
2 
2 
2 
2 
1 
2 
5 
5 
12 
15 
8 
36 
43 
26 
9 
9 
8 
5 
7 
5 
5 
6 
4 
6 
4 
3 
5 
3 
4 
4 
3 
5 
3 
4 
6 
4 
6 
5 
5 
7 
5 
8 
9 
9 
26 
43 
36 
8 
15 
12 
5 
5 
2 
1 
2 
2 
2 
2 
1 
1 
1 
2 
3 
2 
4 
5 
4 
7 
6 
10 
28 
35 
17 
10 
19 
10 
4 
1 
6 
8 
11 
32 
35 
17 
2 
4 
4 
1 
2 
1 
1 
2 
1 
1 
1 
1 
1 
0 
1 
2 
2 
2 
1 
1 
6 
4 
23 
38 
29 
10 
3 
7 
3 
2 
4 
1 
2 
2 
1 
2 
1 
2 
2 
1 
2 
1 
1 
2 
1 
2 
2 
1 
2 
1 
2 
2 
1 
4 
2 
3 
7 
3 
10 
29 
38 
23 
4 
6 
1 
1 
2 
2 
2 
1 
0 
1 
1 
1 
1 
1 
2 
1 
1 
2 
1 
4 
4 
2 
17 
35 
32 
11 
8 
4 
1 
9 
31 
41 
27 
4 
7 
2 
2 
2 
1 
2 
1 
1 
1 
0 
0 
1 
0 
1 
1 
1 
2 
1 
2 
2 
2 
22 
46 
43 
18 
7 
7 
2 
4 
2 
1 
3 
1 
2 
2 
1 
3 
1 
2 
2 
1 
2 
1 
1 
2 
1 
2 
2 
1 
3 
1 
2 
2 
1 
3 
1 
2 
4 
2 
7 
7 
18 
43 
46 
22 
2 
2 
2 
1 
2 
1 
1 
1 
0 
1 
0 
0 
1 
1 
1 
2 
1 
2 
2 
2 
7 
4 
27 
41 
31 
6 
18 
30 
23 
1 
17 
12 
4 
5 
4 
3 
3 
2 
2 
2 
1 
1 
1 
1 
1 
1 
2 
3 
3 
6 
6 
8 
23 
24 
7 
20 
24 
11 
7 
9 
6 
6 
6 
3 
5 
4 
4 
4 
3 
4 
4 
3 
4 
3 
4 
4 
3 
4 
3 
4 
4 
3 
4 
4 
4 
5 
3 
6 
6 
6 
9 
7 
11 
24 
20 
7 
24 
23 
8 
6 
6 
3 
3 
2 
1 
1 
1 
1 
1 
1 
2 
2 
2 
3 
3 
4 
5 
4 
12 
17 
1 
23 
23 
26 
8 
16 
23 
12 
6 
7 
4 
3 
3 
2 
2 
2 
2 
2 
2 
2 
1 
1 
2 
2 
3 
6 
5 
12 
23 
15 
11 
26 
22 
11 
10 
9 
5 
7 
6 
5 
6 
4 
5 
5 
4 
5 
4 
4 
5 
3 
4 
3 
3 
4 
3 
5 
4 
4 
5 
4 
5 
5 
4 
6 
5 
6 
7 
5 
9 
10 
11 
22 
26 
11 
15 
23 
12 
5 
6 
3 
2 
2 
1 
1 
2 
2 
2 
2 
2 
2 
2 
3 
3 
4 
7 
6 
12 
23 
16 
6 
22 
37 
26 
8 
5 
6 
3 
4 
2 
1 
2 
2 
2 
1 
1 
1 
1 
1 
2 
2 
3 
3 
2 
9 
9 
14 
36 
36 
17 
4 
6 
5 
4 
6 
3 
4 
4 
2 
4 
3 
3 
3 
2 
3 
2 
2 
3 
2 
3 
3 
2 
3 
2 
2 
3 
2 
3 
3 
3 
4 
2 
4 
4 
3 
6 
4 
5 
6 
4 
17 
36 
36 
14 
9 
9 
2 
3 
3 
2 
2 
1 
1 
1 
1 
1 
2 
2 
2 
1 
2 
4 
3 
6 
5 
8 
26 
49 
40 
14 
2 
3 
2 
1 
1 
0 
1 
1 
0 
0 
0 
1 
1 
1 
1 
1 
1 
1 
1 
1 
2 
11 
34 
40 
23 
3 
2 
3 
1 
1 
0 
1 
1 
0 
1 
1 
0 
1 
0 
1 
1 
0 
0 
0 
1 
0 
0 
0 
0 
1 
0 
0 
0 
1 
1 
0 
1 
0 
1 
1 
0 
1 
1 
0 
1 
1 
3 
2 
3 
23 
40 
34 
11 
2 
1 
1 
1 
1 
1 
1 
1 
1 
1 
0 
0 
0 
1 
1 
0 
1 
1 
2 
3 
2 
5 
15 
11 
3 
3 
2 
1 
2 
1 
1 
1 
0 
1 
1 
1 
1 
1 
1 
2 
1 
4 
4 
5 
20 
31 
20 
4 
15 
9 
5 
7 
3 
3 
4 
2 
4 
2 
2 
3 
2 
3 
3 
2 
3 
2 
2 
2 
1 
2 
2 
2 
2 
1 
2 
2 
2 
3 
2 
3 
3 
2 
3 
2 
2 
4 
2 
4 
3 
3 
7 
5 
9 
15 
4 
20 
31 
20 
5 
4 
4 
1 
2 
1 
1 
1 
1 
1 
1 
0 
1 
1 
1 
2 
1 
2 
3 
3 
12 
11 
7 
8 
5 
4 
4 
2 
2 
2 
1 
1 
0 
0 
1 
1 
2 
3 
3 
5 
4 
10 
24 
23 
3 
19 
21 
11 
9 
9 
6 
6 
6 
4 
6 
4 
4 
5 
3 
4 
3 
3 
3 
2 
3 
3 
2 
3 
3 
4 
4 
3 
3 
2 
3 
3 
2 
3 
3 
3 
4 
3 
5 
4 
4 
6 
4 
6 
6 
6 
9 
9 
11 
21 
19 
3 
23 
24 
10 
4 
5 
3 
3 
2 
1 
1 
0 
0 
1 
1 
2 
2 
2 
4 
4 
5 
8 
10 
2 
5 
4 
5 
4 
3 
3 
1 
1 
2 
2 
2 
2 
1 
2 
1 
2 
5 
4 
11 
16 
7 
26 
33 
20 
7 
7 
7 
4 
6 
5 
4 
5 
3 
4 
4 
3 
4 
3 
3 
4 
3 
3 
2 
3 
3 
3 
3 
2 
2 
3 
3 
3 
3 
2 
3 
3 
4 
3 
3 
4 
3 
4 
4 
3 
5 
4 
5 
6 
4 
7 
7 
7 
20 
33 
26 
7 
16 
11 
4 
5 
2 
1 
2 
1 
2 
2 
2 
2 
1 
1 
3 
3 
4 
5 
4 
6 
5 
1 
0 
0 
1 
2 
2 
2 
1 
0 
0 
1 
1 
1 
1 
2 
1 
0 
6 
3 
18 
32 
26 
9 
2 
5 
2 
1 
3 
1 
2 
2 
1 
2 
1 
1 
2 
1 
2 
1 
1 
2 
1 
2 
1 
1 
2 
1 
2 
2 
1 
2 
1 
1 
2 
1 
2 
1 
1 
2 
1 
2 
1 
1 
2 
1 
2 
2 
1 
3 
1 
2 
5 
2 
9 
26 
32 
18 
3 
6 
0 
1 
2 
1 
1 
1 
1 
0 
0 
1 
2 
2 
2 
1 
0 
0 
1 
0 
2 
1 
1 
1 
1 
0 
0 
1 
1 
1 
1 
1 
1 
1 
1 
1 
0 
15 
34 
33 
14 
4 
5 
1 
3 
1 
0 
2 
1 
2 
1 
0 
1 
0 
1 
1 
1 
1 
1 
1 
2 
1 
1 
1 
1 
2 
1 
1 
1 
1 
2 
1 
1 
1 
1 
2 
1 
1 
1 
1 
1 
1 
0 
1 
0 
1 
2 
1 
2 
0 
1 
3 
1 
5 
4 
14 
33 
34 
15 
0 
1 
1 
1 
1 
1 
1 
1 
1 
1 
0 
0 
1 
1 
1 
1 
3 
2 
2 
0 
0 
2 
2 
2 
1 
1 
1 
1 
1 
3 
2 
5 
5 
7 
19 
22 
7 
11 
17 
9 
5 
7 
4 
5 
4 
2 
4 
3 
3 
4 
3 
3 
3 
2 
3 
2 
3 
2 
1 
2 
2 
2 
2 
1 
2 
1 
1 
2 
1 
2 
2 
2 
2 
1 
2 
3 
2 
3 
2 
3 
3 
3 
4 
3 
3 
4 
2 
4 
5 
4 
7 
5 
9 
17 
11 
7 
22 
19 
7 
5 
5 
2 
3 
1 
1 
1 
1 
1 
2 
2 
2 
0 
0 
3 
3 
2 
2 
1 
1 
2 
2 
2 
2 
2 
2 
2 
3 
5 
5 
10 
21 
16 
5 
20 
18 
9 
8 
8 
5 
6 
5 
4 
5 
3 
3 
4 
3 
4 
2 
3 
3 
2 
3 
2 
2 
3 
2 
3 
2 
2 
3 
2 
3 
3 
2 
3 
2 
2 
3 
2 
3 
2 
2 
3 
2 
3 
3 
2 
4 
3 
4 
3 
3 
5 
4 
5 
6 
5 
8 
8 
9 
18 
20 
5 
16 
21 
10 
5 
5 
3 
2 
2 
2 
2 
2 
2 
2 
1 
1 
2 
3 
1 
2 
2 
2 
2 
0 
1 
2 
2 
3 
3 
3 
3 
2 
8 
10 
13 
31 
32 
16 
4 
5 
4 
3 
4 
2 
3 
3 
2 
3 
2 
2 
2 
1 
2 
2 
2 
2 
1 
2 
3 
2 
2 
2 
2 
2 
2 
2 
2 
2 
2 
2 
2 
2 
2 
2 
2 
3 
2 
1 
2 
2 
2 
2 
1 
2 
2 
2 
3 
2 
3 
3 
2 
4 
3 
4 
5 
4 
16 
32 
31 
13 
10 
8 
2 
3 
3 
3 
3 
2 
2 
1 
0 
2 
2 
2 
1 
1 
0 
0 
0 
1 
1 
0 
0 
1 
1 
2 
2 
3 
3 
7 
27 
34 
21 
4 
1 
3 
1 
0 
1 
0 
1 
0 
0 
1 
0 
0 
0 
1 
0 
0 
0 
1 
0 
1 
1 
0 
1 
0 
1 
0 
0 
1 
1 
1 
1 
1 
1 
0 
0 
1 
0 
1 
0 
1 
1 
0 
1 
0 
0 
0 
1 
0 
0 
0 
1 
0 
0 
1 
0 
1 
0 
1 
3 
1 
4 
21 
34 
27 
7 
3 
3 
2 
2 
1 
1 
0 
0 
1 
1 
0 
0 
1 
1 
0 
1 
1 
1 
1 
1 
1 
2 
2 
3 
2 
3 
16 
27 
20 
6 
10 
6 
3 
4 
2 
2 
3 
2 
2 
2 
1 
2 
1 
2 
1 
0 
1 
1 
2 
2 
1 
2 
2 
1 
2 
0 
1 
1 
1 
1 
1 
1 
1 
1 
1 
1 
1 
1 
0 
2 
1 
2 
2 
1 
2 
2 
1 
1 
0 
1 
2 
1 
2 
1 
2 
2 
2 
3 
2 
2 
4 
3 
6 
10 
6 
20 
27 
16 
3 
2 
3 
2 
2 
1 
1 
1 
1 
1 
1 
2 
1 
2 
1 
1 
3 
2 
3 
3 
2 
6 
6 
8 
20 
26 
22 
18 
16 
8 
6 
7 
5 
5 
4 
3 
4 
3 
3 
3 
2 
3 
2 
2 
3 
2 
3 
2 
2 
3 
2 
2 
2 
2 
3 
2 
2 
2 
1 
2 
1 
1 
2 
1 
2 
2 
2 
3 
2 
2 
2 
2 
3 
2 
2 
3 
2 
3 
2 
2 
3 
2 
3 
3 
3 
4 
3 
4 
5 
5 
7 
6 
8 
16 
18 
22 
26 
20 
8 
6 
6 
2 
3 
3 
2 
3 
1 
1 
2 
2 
1 
1 
1 
1 
3 
4 
4 
5 
4 
11 
21 
14 
8 
22 
17 
6 
6 
6 
4 
5 
4 
4 
5 
3 
3 
3 
2 
3 
2 
3 
3 
2 
2 
1 
1 
2 
1 
2 
2 
2 
3 
2 
2 
2 
2 
2 
1 
2 
2 
1 
2 
2 
2 
2 
2 
3 
2 
2 
2 
1 
2 
1 
1 
2 
2 
3 
3 
2 
3 
2 
3 
3 
3 
5 
4 
4 
5 
4 
6 
6 
6 
17 
22 
8 
14 
21 
11 
4 
5 
4 
4 
3 
1 
1 
1 
1 
1 
1 
1 
1 
1 
1 
2 
3 
3 
7 
5 
23 
40 
34 
14 
4 
5 
3 
2 
3 
1 
2 
2 
1 
2 
1 
1 
2 
1 
2 
1 
1 
1 
1 
1 
1 
1 
1 
1 
1 
1 
1 
1 
1 
1 
1 
1 
2 
1 
1 
2 
1 
1 
1 
1 
1 
1 
1 
1 
1 
1 
1 
1 
1 
1 
1 
1 
1 
2 
1 
2 
1 
1 
2 
1 
2 
2 
1 
3 
2 
3 
5 
4 
14 
34 
40 
23 
5 
7 
3 
3 
2 
1 
1 
1 
1 
1 
1 
1 
1 
1 
2 
1 
3 
3 
1 
7 
21 
24 
12 
5 
2 
3 
1 
2 
1 
1 
0 
1 
1 
0 
1 
1 
1 
1 
0 
1 
0 
0 
1 
0 
0 
0 
0 
1 
1 
1 
1 
1 
1 
0 
0 
0 
0 
0 
0 
0 
0 
0 
0 
0 
0 
1 
1 
1 
1 
1 
1 
0 
0 
0 
0 
1 
0 
0 
1 
0 
1 
1 
1 
1 
0 
1 
1 
0 
1 
1 
2 
1 
3 
2 
5 
12 
24 
21 
7 
1 
3 
3 
1 
2 
1 
1 
1 
1 
1 
2 
3 
3 
5 
5 
8 
27 
41 
31 
8 
11 
9 
6 
6 
2 
3 
3 
2 
3 
2 
2 
2 
1 
2 
2 
1 
2 
2 
2 
2 
1 
2 
1 
1 
1 
1 
2 
2 
1 
1 
1 
2 
2 
1 
2 
2 
2 
2 
2 
2 
1 
2 
2 
1 
1 
1 
2 
2 
1 
1 
1 
1 
2 
1 
2 
2 
2 
2 
1 
2 
2 
1 
2 
2 
2 
3 
2 
3 
3 
2 
6 
6 
9 
11 
8 
31 
41 
27 
8 
5 
5 
3 
3 
2 
2 
1 
2 
2 
3 
5 
5 
10 
19 
10 
19 
33 
24 
7 
5 
7 
5 
6 
4 
3 
4 
3 
3 
3 
3 
3 
2 
2 
2 
1 
2 
2 
2 
3 
2 
2 
2 
2 
2 
1 
1 
1 
1 
2 
1 
2 
2 
1 
2 
2 
2 
2 
1 
2 
2 
1 
2 
1 
1 
1 
1 
2 
2 
2 
2 
2 
3 
2 
2 
2 
1 
2 
2 
2 
3 
3 
3 
3 
3 
4 
3 
4 
6 
5 
7 
5 
7 
24 
33 
19 
10 
19 
10 
5 
5 
3 
2 
1 
1 
1 
1 
1 
1 
7 
9 
7 
25 
27 
15 
7 
9 
6 
3 
4 
3 
4 
4 
2 
3 
2 
1 
2 
1 
2 
2 
1 
2 
1 
2 
2 
1 
2 
1 
1 
2 
1 
2 
1 
1 
1 
1 
1 
1 
1 
1 
1 
2 
2 
1 
1 
1 
1 
1 
1 
1 
1 
1 
2 
1 
2 
1 
1 
2 
1 
2 
2 
1 
2 
1 
2 
2 
1 
2 
1 
2 
3 
2 
4 
4 
3 
4 
3 
6 
9 
7 
15 
27 
25 
7 
9 
7 
1 
1 
1 
1 
0 
1 
1 
2 
2 
9 
30 
36 
22 
4 
2 
2 
1 
2 
3 
0 
1 
1 
0 
1 
0 
1 
1 
1 
1 
0 
1 
1 
0 
1 
0 
0 
1 
0 
1 
0 
0 
1 
1 
1 
1 
0 
1 
0 
0 
1 
0 
1 
1 
1 
1 
0 
1 
0 
0 
1 
0 
1 
1 
1 
1 
0 
0 
1 
0 
1 
0 
0 
1 
0 
1 
1 
0 
1 
1 
1 
1 
0 
1 
0 
1 
1 
0 
3 
2 
1 
2 
2 
4 
22 
36 
30 
9 
2 
2 
1 
1 
1 
1 
2 
3 
15 
23 
13 
4 
11 
6 
2 
5 
4 
3 
2 
0 
2 
2 
1 
2 
0 
1 
1 
1 
1 
0 
1 
1 
1 
1 
1 
1 
1 
1 
1 
1 
0 
1 
0 
1 
1 
0 
1 
0 
1 
1 
1 
1 
1 
1 
1 
1 
1 
1 
0 
1 
0 
1 
1 
0 
1 
0 
1 
1 
1 
1 
1 
1 
1 
1 
1 
1 
0 
1 
1 
1 
1 
0 
2 
1 
2 
2 
0 
2 
3 
4 
5 
2 
6 
11 
4 
13 
23 
15 
3 
2 
3 
4 
3 
5 
13 
13 
8 
15 
15 
9 
7 
7 
3 
4 
5 
4 
4 
2 
2 
3 
3 
3 
2 
1 
2 
2 
3 
2 
2 
2 
1 
2 
1 
1 
2 
1 
1 
1 
1 
1 
1 
1 
2 
1 
1 
1 
1 
1 
1 
1 
1 
1 
1 
1 
1 
1 
1 
2 
1 
1 
1 
1 
1 
1 
1 
2 
1 
1 
2 
1 
2 
2 
2 
3 
2 
2 
1 
2 
3 
3 
3 
2 
2 
4 
4 
5 
4 
3 
7 
7 
9 
15 
15 
8 
13 
13 
5 
6 
6 
9 
12 
9 
13 
19 
15 
6 
6 
6 
5 
6 
4 
3 
5 
4 
4 
3 
1 
2 
2 
3 
3 
1 
2 
1 
1 
2 
1 
2 
2 
2 
2 
1 
1 
2 
2 
3 
2 
2 
2 
2 
2 
1 
1 
1 
1 
2 
1 
1 
2 
1 
1 
1 
1 
2 
2 
2 
2 
2 
3 
2 
2 
1 
1 
2 
2 
2 
2 
1 
2 
1 
1 
2 
1 
3 
3 
2 
2 
1 
3 
4 
4 
5 
3 
4 
6 
5 
6 
6 
6 
15 
19 
13 
9 
12 
1 
10 
19 
11 
16 
20 
10 
2 
4 
3 
2 
3 
2 
3 
2 
1 
2 
2 
3 
3 
1 
2 
2 
2 
2 
1 
1 
1 
1 
2 
1 
1 
1 
1 
2 
1 
1 
1 
1 
1 
1 
1 
1 
1 
2 
2 
1 
2 
1 
1 
1 
1 
2 
1 
2 
2 
1 
1 
1 
1 
1 
1 
1 
1 
1 
2 
1 
1 
1 
1 
2 
1 
1 
1 
1 
2 
2 
2 
2 
1 
3 
3 
2 
2 
1 
2 
3 
2 
3 
2 
3 
4 
2 
10 
20 
16 
11 
2 
14 
43 
54 
36 
8 
2 
2 
2 
1 
1 
2 
1 
1 
0 
1 
1 
1 
1 
1 
1 
1 
1 
0 
0 
1 
1 
1 
1 
1 
0 
0 
0 
1 
0 
0 
0 
1 
0 
0 
0 
1 
0 
0 
1 
0 
0 
1 
0 
1 
1 
0 
1 
0 
0 
1 
0 
0 
1 
0 
0 
0 
1 
0 
0 
0 
1 
0 
0 
0 
1 
1 
1 
1 
1 
0 
0 
1 
1 
1 
1 
1 
1 
1 
1 
0 
1 
1 
2 
1 
1 
2 
2 
2 
8 
36 
54 
16 
24 
12 
8 
16 
6 
1 
5 
4 
4 
4 
3 
4 
4 
3 
3 
2 
3 
2 
2 
2 
1 
1 
2 
1 
2 
1 
1 
2 
1 
1 
1 
1 
2 
1 
1 
1 
1 
1 
1 
1 
1 
1 
2 
1 
1 
1 
1 
1 
1 
1 
1 
1 
1 
1 
1 
2 
1 
1 
1 
1 
1 
1 
1 
1 
1 
2 
1 
1 
1 
1 
2 
1 
1 
2 
1 
2 
1 
1 
2 
2 
2 
3 
2 
3 
3 
4 
4 
3 
4 
4 
4 
5 
1 
6 
16 
8 
20 
5 
15 
19 
12 
10 
8 
3 
4 
4 
3 
4 
3 
3 
4 
3 
4 
2 
2 
3 
2 
3 
2 
2 
3 
2 
3 
2 
2 
2 
2 
2 
2 
1 
2 
2 
2 
2 
2 
2 
2 
2 
2 
1 
1 
1 
1 
2 
1 
2 
2 
1 
2 
1 
1 
1 
1 
2 
2 
2 
2 
2 
2 
2 
2 
2 
1 
2 
2 
2 
2 
2 
2 
3 
2 
3 
2 
2 
3 
2 
3 
2 
2 
4 
3 
4 
3 
3 
4 
3 
4 
4 
3 
8 
10 
12 
19 
15 
25 
18 
6 
6 
6 
5 
6 
3 
3 
3 
2 
3 
2 
2 
3 
2 
3 
2 
2 
3 
3 
3 
3 
2 
3 
2 
2 
2 
1 
1 
1 
1 
2 
1 
2 
2 
1 
2 
1 
1 
1 
1 
2 
1 
1 
1 
1 
1 
1 
1 
1 
1 
1 
1 
1 
2 
1 
1 
1 
1 
2 
1 
2 
2 
1 
2 
1 
1 
1 
1 
2 
2 
2 
3 
2 
3 
3 
3 
3 
2 
2 
3 
2 
3 
2 
2 
3 
2 
3 
3 
3 
6 
5 
6 
6 
6 
36 
15 
3 
5 
3 
1 
3 
2 
3 
2 
0 
1 
0 
0 
0 
1 
1 
1 
1 
1 
0 
1 
1 
1 
1 
0 
0 
1 
1 
2 
2 
2 
1 
1 
1 
0 
1 
1 
1 
1 
0 
0 
1 
0 
1 
1 
1 
1 
0 
1 
1 
0 
1 
1 
1 
1 
0 
1 
0 
0 
1 
1 
1 
1 
0 
1 
1 
1 
2 
2 
2 
1 
1 
0 
0 
1 
1 
1 
1 
0 
1 
1 
1 
1 
1 
0 
0 
0 
1 
0 
2 
3 
2 
3 
1 
3 
5 
6 
4 
3 
3 
2 
1 
2 
1 
1 
1 
1 
1 
1 
1 
1 
1 
2 
1 
1 
1 
0 
1 
1 
0 
1 
0 
1 
1 
1 
1 
1 
1 
1 
1 
1 
0 
0 
1 
0 
1 
1 
0 
0 
0 
0 
0 
0 
0 
0 
1 
1 
0 
0 
0 
0 
0 
0 
0 
0 
1 
1 
0 
1 
0 
0 
1 
1 
1 
1 
1 
1 
1 
1 
1 
0 
1 
0 
1 
1 
0 
1 
1 
1 
2 
1 
1 
1 
1 
1 
1 
1 
1 
1 
2 
1 
2 
3 
10 
5 
6 
3 
4 
4 
3 
5 
4 
4 
3 
2 
2 
2 
2 
2 
2 
3 
3 
2 
2 
2 
2 
3 
2 
2 
1 
1 
2 
2 
3 
2 
1 
1 
1 
1 
2 
2 
2 
1 
1 
2 
2 
2 
1 
1 
1 
1 
1 
1 
1 
1 
1 
1 
1 
1 
2 
2 
2 
1 
1 
2 
2 
2 
1 
1 
1 
1 
2 
3 
2 
2 
1 
1 
2 
2 
3 
2 
2 
2 
2 
3 
3 
2 
2 
2 
2 
2 
2 
3 
4 
4 
5 
3 
4 
4 
3 
11 
10 
5 
7 
5 
4 
5 
3 
3 
4 
3 
3 
2 
2 
2 
2 
3 
2 
2 
3 
2 
3 
2 
2 
2 
2 
3 
2 
1 
2 
2 
2 
2 
1 
2 
2 
2 
2 
1 
2 
2 
1 
1 
1 
2 
2 
2 
3 
2 
2 
2 
2 
3 
2 
2 
2 
1 
1 
1 
2 
2 
1 
2 
2 
2 
2 
1 
2 
2 
2 
2 
1 
2 
3 
2 
2 
2 
2 
3 
2 
3 
2 
2 
3 
2 
2 
2 
2 
3 
3 
4 
3 
3 
5 
4 
5 
7 
8 
6 
7 
4 
3 
3 
2 
3 
1 
1 
1 
1 
2 
2 
2 
2 
2 
2 
1 
1 
2 
1 
2 
2 
1 
2 
2 
2 
1 
0 
1 
1 
1 
2 
1 
1 
1 
1 
2 
1 
1 
1 
1 
1 
1 
1 
1 
1 
2 
2 
2 
2 
1 
1 
1 
1 
1 
1 
1 
1 
1 
2 
1 
1 
1 
1 
2 
1 
1 
1 
0 
1 
2 
2 
2 
1 
2 
2 
1 
2 
1 
1 
2 
2 
2 
2 
2 
2 
1 
1 
1 
1 
3 
2 
3 
3 
4 
0 
2 
2 
3 
2 
1 
2 
1 
1 
1 
1 
1 
1 
1 
1 
1 
0 
0 
1 
1 
1 
1 
1 
1 
1 
1 
0 
0 
0 
1 
0 
0 
0 
0 
0 
0 
1 
0 
0 
1 
1 
1 
1 
0 
1 
1 
0 
1 
1 
1 
1 
1 
1 
0 
1 
1 
0 
1 
1 
1 
1 
0 
0 
1 
0 
0 
0 
0 
0 
0 
1 
0 
0 
0 
1 
1 
1 
1 
1 
1 
1 
1 
0 
0 
1 
1 
1 
1 
1 
1 
1 
1 
1 
2 
1 
2 
3 
3 
5 
3 
3 
2 
1 
2 
1 
1 
1 
1 
2 
1 
1 
1 
0 
1 
1 
2 
2 
1 
2 
2 
2 
2 
1 
1 
2 
1 
1 
0 
1 
2 
1 
1 
1 
1 
1 
1 
1 
1 
1 
1 
1 
1 
1 
1 
2 
1 
1 
1 
1 
2 
1 
1 
1 
1 
1 
1 
1 
1 
1 
1 
1 
1 
1 
1 
2 
1 
0 
1 
1 
2 
1 
1 
2 
2 
2 
2 
1 
2 
2 
1 
1 
0 
1 
1 
1 
2 
1 
1 
1 
1 
2 
1 
2 
3 

