  -7.9345703e-04
  -1.7089844e-03
  -6.7138672e-04
  -5.4931641e-04
  -2.0141602e-03
  -4.1809082e-03
  -4.4250488e-03
  -4.3640137e-03
  -4.1198730e-03
  -2.7160645e-03
  -1.8920898e-03
  -2.7465820e-03
  -2.2888184e-03
   2.7465820e-04
   4.5166016e-03
   2.9296875e-03
   2.8381348e-03
   6.7749023e-03
   1.0192871e-02
   1.2145996e-02
   1.5014648e-02
   1.2329102e-02
   6.5917969e-03
   6.1950684e-03
   7.2021484e-03
   2.4414062e-04
  -3.9672852e-04
   2.9602051e-03
   2.0446777e-03
   1.0925293e-02
   1.4343262e-03
   2.6245117e-03
   9.1857910e-03
  -8.7890625e-03
   1.2176514e-02
  -1.1230469e-02
  -5.9509277e-03
  -4.5471191e-03
  -4.6691895e-03
  -5.9204102e-03
  -2.5939941e-03
  -6.9885254e-03
  -2.7465820e-03
   1.2207031e-04
  -3.3264160e-03
  -1.8005371e-03
  -2.2277832e-03
   3.1127930e-03
  -4.8828125e-04
  -1.3427734e-03
  -8.2397461e-04
  -3.6621094e-04
   6.1340332e-03
   3.9367676e-03
   2.6550293e-03
  -7.0190430e-04
  -4.1198730e-03
  -8.2397461e-03
  -3.6621094e-04
  -3.8452148e-03
  -7.2021484e-03
   2.6855469e-03
   1.4953613e-03
   4.1198730e-03
   1.0650635e-02
   7.2631836e-03
   2.7770996e-03
   7.2937012e-03
   6.4086914e-04
   2.1057129e-03
   1.6479492e-03
  -1.3122559e-02
  -4.2114258e-03
   9.4604492e-03
   4.9743652e-03
   1.9836426e-03
   4.0588379e-03
  -8.2397461e-04
   4.1198730e-03
   3.2958984e-03
  -9.1552734e-04
   1.0070801e-03
  -4.1198730e-03
  -1.8920898e-03
   1.0070801e-03
  -3.1738281e-03
  -6.4697266e-03
  -7.8125000e-03
  -5.0964355e-03
   2.0446777e-03
   7.8125000e-03
   3.0517578e-03
   6.5917969e-03
   1.6784668e-02
   1.4953613e-03
  -3.6956787e-02
  -6.0150146e-02
  -2.4444580e-02
   2.3284912e-02
   2.7801514e-02
   2.0690918e-02
   1.7242432e-02
   1.3702393e-02
   9.8876953e-03
  -8.5449219e-03
  -3.2073975e-02
  -3.5003662e-02
  -8.0566406e-03
   2.1545410e-02
   2.7374268e-02
  -9.4299316e-03
  -3.5858154e-02
   7.9040527e-03
   4.1809082e-03
  -1.8096924e-02
  -1.6784668e-03
  -1.9439697e-02
   4.8828125e-03
   5.8074951e-02
   1.6265869e-02
  -3.0334473e-02
  -2.1423340e-02
  -4.8034668e-02
  -1.1529541e-01
  -7.1411133e-03
   9.8144531e-02
   5.8074951e-02
   1.0214233e-01
   6.1065674e-02
  -7.4157715e-03
   1.5350342e-02
  -2.3498535e-02
  -6.0577393e-02
  -9.8571777e-03
   2.4810791e-02
   3.5339355e-02
   5.7403564e-02
   1.4190674e-02
  -4.6447754e-02
  -4.7149658e-02
  -8.9416504e-03
   5.9814453e-03
   2.1362305e-03
   1.7608643e-02
  -1.0375977e-03
  -6.6101074e-02
  -4.7454834e-02
  -2.4017334e-02
  -4.7393799e-02
   2.2338867e-02
   6.3354492e-02
   5.2703857e-02
   2.9022217e-02
  -2.4749756e-02
  -3.7689209e-02
  -2.9357910e-02
  -2.1331787e-02
  -3.0517578e-05
  -1.3580322e-02
  -9.0942383e-03
   4.9072266e-02
   2.8472900e-02
  -4.5501709e-02
  -5.2154541e-02
  -5.6213379e-02
  -5.4199219e-02
   3.6315918e-03
   7.2967529e-02
   1.3595581e-01
   1.1901855e-01
   2.3254395e-02
  -2.3010254e-02
  -3.3233643e-02
  -3.0334473e-02
  -8.7585449e-03
  -6.9580078e-03
  -3.0242920e-02
  -2.0172119e-02
   4.1290283e-02
   4.0039062e-02
  -2.0996094e-02
  -7.3547363e-03
   3.9642334e-02
   4.1687012e-02
   4.2327881e-02
  -1.3092041e-02
  -8.4625244e-02
  -7.7148438e-02
  -4.4708252e-02
  -5.5236816e-03
   8.5754395e-03
  -7.7819824e-03
   3.0517578e-04
   2.4108887e-02
   2.1820068e-02
  -5.8898926e-03
  -1.8737793e-02
  -2.9296875e-03
   6.3171387e-03
   1.1108398e-02
   1.4709473e-02
   9.9792480e-03
   9.5520020e-03
   2.3956299e-02
   2.3071289e-02
   1.2573242e-02
  -6.7138672e-03
  -1.3183594e-01
  -1.7443848e-01
  -3.8757324e-03
   1.0369873e-01
   1.1752319e-01
   1.1471558e-01
   6.3934326e-02
   3.8421631e-02
   2.4993896e-02
  -4.3762207e-02
  -7.2021484e-02
  -2.8778076e-02
   1.2145996e-02
   3.5797119e-02
   7.0190430e-03
  -7.6232910e-02
  -8.6303711e-02
  -4.2877197e-02
  -2.0965576e-02
   4.7546387e-02
   7.5561523e-02
   2.3010254e-02
   3.5095215e-03
  -3.3325195e-02
  -6.4331055e-02
  -2.1148682e-02
   3.3264160e-03
   1.9989014e-02
   4.2846680e-02
   7.8765869e-02
   2.2155762e-02
  -3.2870483e-01
  -3.7591553e-01
   8.1085205e-02
   2.3809814e-01
   7.8308105e-02
   2.6031494e-01
   8.0688477e-02
  -6.0485840e-02
   1.4376831e-01
  -1.3970947e-01
  -3.1106567e-01
  -3.8269043e-02
   5.7922363e-02
   2.2018433e-01
   2.4362183e-01
  -8.4503174e-02
  -1.4898682e-01
  -2.9815674e-02
  -5.2368164e-02
  -1.9226074e-02
   9.0179443e-02
   9.2315674e-02
   1.3378906e-01
   9.8388672e-02
  -1.2313843e-01
  -1.6049194e-01
  -4.0283203e-02
   1.3488770e-02
   7.9437256e-02
   8.7890625e-02
  -1.2573242e-02
  -4.1229248e-02
  -6.0424805e-02
  -1.4352417e-01
  -1.1828613e-01
  -3.7536621e-03
   6.5582275e-02
   1.1520386e-01
   9.0881348e-02
  -2.6947021e-02
  -8.4014893e-02
  -7.7423096e-02
  -5.7434082e-02
   7.2326660e-03
   5.5572510e-02
   7.5866699e-02
   6.2957764e-02
   8.1481934e-03
  -3.7231445e-03
   4.3182373e-02
   6.3415527e-02
  -3.8574219e-02
  -2.4276733e-01
  -3.5958862e-01
  -1.3613892e-01
   2.4877930e-01
   2.9956055e-01
   1.4929199e-01
   1.4978027e-01
   1.1700439e-01
   4.1687012e-02
  -1.8218994e-02
  -2.0925903e-01
  -2.3858643e-01
   2.0050049e-02
   1.9421387e-01
   1.7834473e-01
   2.4414062e-02
  -1.5994263e-01
  -1.5332031e-01
  -3.8482666e-02
  -9.6130371e-03
  -7.8735352e-03
   4.3548584e-02
   7.9193115e-02
   1.0559082e-01
   5.1208496e-02
  -1.1315918e-01
  -1.6522217e-01
  -7.5469971e-02
   2.3376465e-02
   1.0241699e-01
   9.4024658e-02
   8.5449219e-03
  -1.4068604e-02
  -3.1036377e-02
  -9.1339111e-02
  -9.6008301e-02
  -3.6865234e-02
   1.7913818e-02
   5.3558350e-02
   2.8442383e-02
  -6.0913086e-02
  -4.5257568e-02
   3.3905029e-02
   3.5247803e-02
   2.1881104e-02
   7.4157715e-03
  -1.6113281e-02
   5.6945801e-02
   7.8643799e-02
  -5.9051514e-02
  -9.3566895e-02
  -2.0385742e-02
   7.5744629e-02
   1.6708374e-01
   1.0021973e-01
  -5.2917480e-02
  -1.9299316e-01
  -3.3126831e-01
  -3.0047607e-01
  -2.2888184e-03
   3.6987305e-01
   2.2561646e-01
   1.7935181e-01
   2.3837280e-01
  -3.1494141e-02
  -1.1099243e-01
  -1.4089966e-01
  -3.4075928e-01
  -1.4248657e-01
   2.2592163e-01
   2.7224731e-01
   2.0196533e-01
   5.1269531e-03
  -2.0108032e-01
  -1.2695312e-01
  -2.3406982e-02
  -1.5930176e-02
   3.0426025e-02
   6.5979004e-02
   1.4773560e-01
   1.7919922e-01
  -1.9134521e-02
  -2.0312500e-01
  -1.6815186e-01
  -2.9296875e-02
   1.3153076e-01
   1.5841675e-01
   2.6550293e-02
  -2.1026611e-02
  -4.8828125e-03
  -7.0068359e-02
  -1.3430786e-01
  -1.5161133e-01
  -5.5603027e-02
   1.1038208e-01
   1.3507080e-01
   4.0252686e-02
  -4.8187256e-02
  -9.1888428e-02
  -4.4677734e-02
   2.4536133e-02
  -9.6435547e-03
  -4.1900635e-02
   2.3193359e-03
   1.9317627e-02
   3.3294678e-02
   4.6508789e-02
   3.1890869e-02
   8.2427979e-02
   1.1334229e-01
  -1.1550903e-01
  -4.3118286e-01
  -3.7115479e-01
  -7.1502686e-02
   3.4942627e-01
   2.8247070e-01
   2.0007324e-01
   2.2860718e-01
   2.7252197e-02
   1.6143799e-02
  -5.6365967e-02
  -4.0405273e-01
  -3.4945679e-01
   8.2763672e-02
   3.0755615e-01
   2.9510498e-01
   1.3452148e-01
  -1.6851807e-01
  -1.9653320e-01
  -3.8146973e-03
   2.0446777e-03
  -2.2430420e-02
   3.7506104e-02
   1.3458252e-01
   2.2961426e-01
   9.1217041e-02
  -1.7373657e-01
  -2.1325684e-01
  -5.8319092e-02
   9.3750000e-02
   1.4288330e-01
   4.8156738e-02
  -6.1370850e-02
  -6.4666748e-02
  -4.3945312e-02
  -9.7198486e-02
  -1.4715576e-01
  -7.8125000e-02
   8.1573486e-02
   1.6207886e-01
   9.5458984e-02
  -2.6611328e-02
  -1.2286377e-01
  -1.1428833e-01
  -1.5045166e-02
   5.4992676e-02
   5.9509277e-03
  -8.5815430e-02
   4.0283203e-03
   1.1370850e-01
   4.4158936e-02
   8.7585449e-03
   7.4859619e-02
   1.6619873e-01
   1.7953491e-01
  -1.3607788e-01
  -5.1412964e-01
  -3.7707520e-01
  -1.8002319e-01
   2.3681641e-01
   3.5354614e-01
   2.5634766e-01
   2.5192261e-01
   3.0639648e-02
   6.8969727e-03
  -1.1709595e-01
  -4.5391846e-01
  -3.7384033e-01
  -4.1015625e-02
   3.5415649e-01
   4.3527222e-01
   1.9848633e-01
  -1.8991089e-01
  -2.7496338e-01
  -5.1971436e-02
   7.8735352e-03
  -6.4727783e-02
  -1.9287109e-02
   1.5948486e-01
   2.9803467e-01
   2.0129395e-01
  -4.7912598e-02
  -1.9012451e-01
  -8.9569092e-02
   9.7076416e-02
   1.3635254e-01
   2.9907227e-02
  -6.7810059e-02
  -6.8969727e-02
  -3.6010742e-02
  -9.5733643e-02
  -1.4230347e-01
  -5.3161621e-02
   7.9620361e-02
   1.8066406e-01
   1.4117432e-01
  -8.1268311e-02
  -2.3333740e-01
  -1.6577148e-01
  -4.7821045e-02
   1.8920898e-02
   3.1616211e-02
   2.4505615e-02
   7.8552246e-02
   1.1535645e-01
   4.4189453e-02
  -3.1646729e-02
  -1.3000488e-02
   6.1614990e-02
   1.9229126e-01
   6.8969727e-02
  -4.5565796e-01
  -4.7473145e-01
  -2.4081421e-01
   5.9020996e-02
   3.2656860e-01
   3.4960938e-01
   2.7459717e-01
   7.2143555e-02
   1.1511230e-01
   9.5520020e-02
  -3.4744263e-01
  -4.9078369e-01
  -2.7792358e-01
   4.6936035e-02
   4.3490601e-01
   4.1989136e-01
   9.3139648e-02
  -2.1105957e-01
  -1.6131592e-01
   2.3620605e-02
  -4.8278809e-02
  -1.6424561e-01
  -3.1799316e-02
   2.2119141e-01
   4.0093994e-01
   2.6232910e-01
  -8.1848145e-02
  -2.1624756e-01
  -9.7076416e-02
   1.3702393e-02
  -1.9714355e-02
  -1.0781860e-01
  -5.7403564e-02
   8.2122803e-02
   4.8095703e-02
  -1.1117554e-01
  -1.5789795e-01
  -4.8400879e-02
   6.7443848e-02
   1.2008667e-01
   4.0588379e-02
  -1.3586426e-01
  -1.3247681e-01
   8.4533691e-03
   4.2388916e-02
  -4.4311523e-02
  -1.1724854e-01
  -6.4178467e-02
   1.5270996e-01
   2.0043945e-01
  -4.9133301e-03
  -4.8370361e-02
   8.2672119e-02
   1.0830688e-01
   5.4016113e-03
  -2.9479980e-02
  -1.2039185e-01
  -4.2172241e-01
  -3.8397217e-01
  -2.4475098e-02
   2.4206543e-01
   6.8084717e-02
   4.3450928e-01
   4.6771240e-01
   1.6119385e-01
   1.4126587e-01
  -1.8298340e-01
  -5.5517578e-01
  -3.4405518e-01
  -2.0626831e-01
   3.3874512e-03
   3.7991333e-01
   3.2083130e-01
   1.7092896e-01
   1.9210815e-01
  -4.4952393e-02
  -2.1539307e-01
  -5.7800293e-02
  -4.0985107e-02
  -1.0986328e-02
   1.8841553e-01
   1.3128662e-01
  -6.1889648e-02
  -1.2567139e-01
  -2.1084595e-01
  -1.6387939e-01
   1.4465332e-02
   8.3007812e-03
  -2.5299072e-02
   9.7503662e-02
   1.2030029e-01
   2.9052734e-02
  -8.3831787e-02
  -1.7324829e-01
  -1.2738037e-01
   7.2479248e-02
   8.3404541e-02
  -1.7974854e-02
  -2.4627686e-02
  -5.5236816e-02
  -3.9093018e-02
   5.0018311e-02
   6.6528320e-02
   1.5747070e-02
   1.0330200e-01
   7.4615479e-02
  -2.3925781e-02
  -4.8828125e-04
  -8.4228516e-03
  -9.7534180e-02
   4.5227051e-02
   5.7037354e-02
  -1.8447876e-01
  -2.0312500e-01
  -8.0413818e-02
   1.0617065e-01
   3.3770752e-01
   3.0099487e-01
   1.3275146e-01
   6.5460205e-02
  -1.1108398e-02
  -1.0726929e-01
  -1.5667725e-01
  -2.5793457e-01
  -2.7700806e-01
  -5.0872803e-02
   1.6390991e-01
   1.9583130e-01
   1.5701294e-01
   8.9965820e-02
   3.1799316e-02
   3.9794922e-02
  -1.8005371e-03
  -8.9111328e-02
  -1.1309814e-01
  -7.9101562e-02
  -9.2163086e-03
   3.6285400e-02
   2.3986816e-02
  -5.2032471e-02
  -1.2979126e-01
  -4.0649414e-02
   5.6518555e-02
  -3.8421631e-02
  -9.3658447e-02
  -5.7373047e-03
   8.5479736e-02
   9.9395752e-02
   4.9621582e-02
  -7.2021484e-02
  -1.6198730e-01
  -5.7159424e-02
   8.7493896e-02
   7.1136475e-02
  -1.6845703e-02
  -1.7272949e-02
   4.3426514e-02
   9.5214844e-03
  -5.8868408e-02
  -2.2979736e-02
  -1.2207031e-02
   6.8237305e-02
   1.6726685e-01
   1.3891602e-01
   1.0803223e-02
  -1.3977051e-02
  -7.0861816e-02
  -7.3760986e-02
  -4.4860840e-02
  -9.1766357e-02
  -1.1221313e-01
  -2.0080566e-02
   3.0822754e-02
   4.3670654e-02
   3.0975342e-02
   5.6701660e-02
   1.2454224e-01
   1.5057373e-01
   1.4590454e-01
   8.6547852e-02
  -4.7363281e-02
  -1.5640259e-01
  -1.2881470e-01
  -8.2427979e-02
  -1.6326904e-02
   6.3964844e-02
   1.1468506e-01
   1.0650635e-01
   6.6436768e-02
  -1.6937256e-02
  -8.1237793e-02
  -1.1770630e-01
  -1.0095215e-01
  -3.2135010e-02
   9.3078613e-03
   6.0424805e-03
  -1.1779785e-02
  -5.1971436e-02
  -8.5235596e-02
  -4.9133301e-02
   8.4228516e-03
   5.4687500e-02
   9.2712402e-02
   6.3262939e-02
  -1.1474609e-02
  -4.7454834e-02
  -4.4525146e-02
  -4.9255371e-02
  -1.4086914e-01
  -2.0223999e-01
  -1.3552856e-01
  -7.5439453e-02
  -4.6630859e-02
  -1.6632080e-02
   3.9398193e-02
   1.5991211e-01
   2.6065063e-01
   3.2464600e-01
   3.6758423e-01
   2.8720093e-01
   1.3510132e-01
   2.0324707e-02
  -9.1613770e-02
  -1.7120361e-01
  -1.6110229e-01
  -1.2799072e-01
  -1.2756348e-01
  -1.0806274e-01
  -1.0455322e-01
  -1.3113403e-01
  -1.3616943e-01
  -1.1959839e-01
  -1.0214233e-01
  -3.3325195e-02
   4.1412354e-02
   5.8105469e-02
   6.6253662e-02
   8.4472656e-02
   7.4829102e-02
   5.8929443e-02
   7.3577881e-02
   7.2418213e-02
   3.4637451e-02
   2.8106689e-02
   3.8330078e-02
   3.1921387e-02
   4.1503906e-02
   6.0089111e-02
   4.9926758e-02
   3.2104492e-02
   2.4566650e-02
  -5.1879883e-04
  -2.4475098e-02
  -2.1209717e-02
  -3.8543701e-02
  -6.2805176e-02
  -4.1656494e-02
  -9.7045898e-03
   1.0070801e-03
  -1.4892578e-02
  -4.6478271e-02
  -4.8217773e-02
  -4.0435791e-02
  -4.5257568e-02
  -3.5858154e-02
  -1.6357422e-02
  -1.7089844e-03
  -2.1667480e-03
  -2.4414062e-02
  -4.0283203e-02
  -1.7089844e-02
   2.2216797e-02
   4.1473389e-02
   1.9134521e-02
   1.5563965e-02
   3.7078857e-02
   1.9104004e-02
  -2.2033691e-02
  -2.2644043e-02
  -2.1209717e-02
  -1.0955811e-02
   4.8767090e-02
   1.0916138e-01
   9.5336914e-02
   6.4880371e-02
   2.9083252e-02
  -3.5949707e-02
  -7.0404053e-02
  -4.4738770e-02
  -2.4322510e-02
  -1.5258789e-04
   3.1799316e-02
   1.1474609e-02
  -1.5655518e-02
  -5.2490234e-03
  -2.1881104e-02
  -4.0802002e-02
  -2.8930664e-02
  -4.4921875e-02
  -5.4534912e-02
  -1.8646240e-02
   1.7150879e-02
   3.8665771e-02
   5.7983398e-02
   5.0476074e-02
   3.3691406e-02
   2.5115967e-02
   2.7770996e-03
  -2.2521973e-02
  -1.6387939e-02
  -9.0637207e-03
  -9.4909668e-03
   2.8991699e-03
   2.2888184e-03
  -1.4007568e-02
  -1.6204834e-02
  -2.5451660e-02
  -3.4729004e-02
  -1.6143799e-02
   6.4392090e-03
   1.2054443e-02
  -1.1077881e-02
  -1.8615723e-02
  -4.1198730e-03
  -6.7443848e-03
  -1.1810303e-02
  -2.0385742e-02
  -3.3752441e-02
  -2.0996094e-02
   1.1840820e-02
   3.0700684e-02
   3.0517578e-02
   1.2939453e-02
   3.7841797e-03
   2.7374268e-02
   3.6590576e-02
   4.4250488e-03
  -2.8381348e-03
   1.0467529e-02
   1.7883301e-02
   4.1625977e-02
   4.1748047e-02
  -6.6528320e-03
  -2.6092529e-02
  -9.6130371e-03
  -6.6223145e-03
  -4.4250488e-03
   7.5073242e-03
   1.5899658e-02
   3.6590576e-02
   5.1055908e-02
   4.4250488e-03
  -5.8013916e-02
  -5.8746338e-02
  -3.3691406e-02
  -2.8961182e-02
  -7.5683594e-03
   2.2613525e-02
   3.5888672e-02
   5.0354004e-02
   5.4931641e-02
   1.6082764e-02
  -2.0477295e-02
  -3.2775879e-02
  -3.8726807e-02
  -2.5756836e-02
   4.6997070e-03
   8.8500977e-03
  -2.0751953e-03
   8.2397461e-03
   1.5167236e-02
   2.1057129e-03
  -1.6357422e-02
  -2.3284912e-02
  -1.2481689e-02
   9.0026855e-03
   3.3782959e-02
   2.4200439e-02
  -3.9367676e-03
  -1.3000488e-02
  -2.2125244e-02
  -3.2073975e-02
  -3.6499023e-02
  -4.7363281e-02
  -3.6651611e-02
  -1.0620117e-02
   1.0406494e-02
   3.3020020e-02
   3.5064697e-02
  -8.4838867e-03
  -3.0029297e-02
  -1.3824463e-02
  -5.8898926e-03
   1.3732910e-03
   2.2644043e-02
   2.6519775e-02
   2.1362305e-02
   1.9927979e-02
   1.7089844e-03
  -1.3885498e-02
  -8.0261230e-03
  -1.0528564e-02
  -5.6457520e-03
   1.1871338e-02
   2.1942139e-02
   5.1574707e-02
   7.5164795e-02
   3.4027100e-02
  -2.8289795e-02
  -6.0546875e-02
  -6.6253662e-02
  -2.6763916e-02
   2.8747559e-02
   5.0994873e-02
   4.7943115e-02
   3.0029297e-02
  -1.0314941e-02
  -4.1564941e-02
  -5.6823730e-02
  -6.7993164e-02
  -4.3273926e-02
  -1.7395020e-03
   2.3345947e-02
   4.1900635e-02
   2.9479980e-02
  -1.2451172e-02
  -2.1942139e-02
  -3.9367676e-03
  -6.9885254e-03
   1.7700195e-03
   9.6740723e-03
   2.0141602e-03
   1.9927979e-02
   4.3579102e-02
   3.2928467e-02
   0.0000000e+00
  -2.8198242e-02
  -3.4942627e-02
  -2.5787354e-02
  -1.8524170e-02
  -7.1716309e-03
   2.4353027e-02
   4.6020508e-02
   4.4342041e-02
   3.4545898e-02
   1.3092041e-02
  -9.7045898e-03
  -2.6916504e-02
  -3.5827637e-02
  -1.5228271e-02
   1.7211914e-02
   3.2073975e-02
   2.7648926e-02
   6.3781738e-03
  -3.1036377e-02
  -4.9468994e-02
  -3.6987305e-02
  -2.5848389e-02
  -6.2866211e-03
   2.6580811e-02
   4.1259766e-02
   3.8696289e-02
   2.2949219e-02
  -3.1829834e-02
  -8.7860107e-02
  -6.8328857e-02
  -2.1057129e-02
   5.1574707e-03
   3.8543701e-02
   5.0659180e-02
   2.9083252e-02
   2.1362305e-04
  -2.8320312e-02
  -3.6926270e-02
  -1.5411377e-02
   9.6740723e-03
   3.2958984e-02
   3.9245605e-02
   2.5054932e-02
   4.1198730e-03
  -1.1962891e-02
  -1.8737793e-02
  -2.7770996e-02
  -3.2104492e-02
  -1.6723633e-02
   1.7761230e-02
   4.3090820e-02
   3.3966064e-02
   2.0629883e-02
  -3.7231445e-03
  -2.4841309e-02
  -1.2145996e-02
  -1.2298584e-02
  -2.9846191e-02
  -1.0955811e-02
   1.1535645e-02
   2.6092529e-02
   5.1666260e-02
   3.6346436e-02
   1.8310547e-04
   5.0354004e-03
  -3.3569336e-04
  -1.4434814e-02
  -4.2724609e-04
   6.9274902e-03
  -1.8310547e-04
   1.9531250e-03
  -1.0314941e-02
  -2.9754639e-02
  -1.3977051e-02
   7.6293945e-03
   4.8828125e-04
  -1.0040283e-02
  -1.3702393e-02
  -1.6326904e-02
   8.8500977e-04
   2.8625488e-02
   3.8269043e-02
   2.8747559e-02
   2.6855469e-03
  -3.5919189e-02
  -5.5694580e-02
  -3.2012939e-02
   5.5236816e-03
   2.5573730e-02
   2.3620605e-02
   1.8005371e-03
  -1.8402100e-02
  -1.5625000e-02
  -1.0467529e-02
  -7.2937012e-03
   1.3275146e-02
   3.2775879e-02
   2.9693604e-02
   8.7280273e-03
  -1.7517090e-02
  -4.0954590e-02
  -3.8177490e-02
  -1.7944336e-02
  -6.3171387e-03
   1.1566162e-02
   4.0130615e-02
   5.0018311e-02
   3.7506104e-02
   2.0751953e-03
  -3.7597656e-02
  -4.0435791e-02
  -1.5686035e-02
  -3.2958984e-03
  -9.1552734e-03
  -5.3710938e-03
   2.8045654e-02
   4.6203613e-02
   2.9479980e-02
   1.1993408e-02
  -5.2490234e-03
  -1.5777588e-02
  -7.6293945e-04
   1.5289307e-02
  -8.4228516e-03
  -3.0975342e-02
  -1.9134521e-02
   2.3193359e-03
   7.6293945e-04
  -8.3007812e-03
   3.6621094e-04
   9.0637207e-03
   5.6152344e-03
  -1.4007568e-02
  -2.6123047e-02
  -1.5869141e-02
  -7.8430176e-03
   8.0261230e-03
   1.8157959e-02
   5.7983398e-03
  -1.0986328e-03
  -1.4434814e-02
  -4.0924072e-02
  -4.1442871e-02
  -2.3376465e-02
  -7.4157715e-03
   2.7709961e-02
   5.7678223e-02
   3.8635254e-02
  -5.0659180e-03
  -2.3345947e-02
  -1.3977051e-02
  -1.0375977e-03
   1.3946533e-02
   1.6723633e-02
   1.3092041e-02
   2.3254395e-02
   1.1047363e-02
  -2.1789551e-02
  -2.6000977e-02
  -7.9040527e-03
   2.2277832e-02
   6.9427490e-02
   7.9559326e-02
   2.9785156e-02
  -1.0070801e-03
  -1.2207031e-02
  -2.1545410e-02
   1.4038086e-03
   8.6364746e-03
  -2.0416260e-02
  -1.4617920e-02
   7.8735352e-03
  -1.8310547e-04
   4.1198730e-03
   7.6293945e-04
  -2.5939941e-02
  -8.0566406e-03
   1.9195557e-02
  -5.9509277e-03
  -3.1555176e-02
  -4.4891357e-02
  -4.9011230e-02
  -2.2552490e-02
  -2.8686523e-03
   4.6997070e-03
   2.7893066e-02
   3.3416748e-02
   1.1627197e-02
  -1.2481689e-02
  -3.9947510e-02
  -3.8269043e-02
  -2.2277832e-03
   3.3813477e-02
   4.9194336e-02
   1.1047363e-02
  -3.7200928e-02
  -3.7750244e-02
  -2.3498535e-02
  -2.7252197e-02
  -3.0242920e-02
  -1.5014648e-02
   6.0729980e-03
   3.2409668e-02
   3.6712646e-02
  -4.0893555e-03
  -3.7658691e-02
  -7.4462891e-03
   3.4210205e-02
   4.7393799e-02
   3.1433105e-02
  -1.5747070e-02
  -3.8238525e-02
  -7.0495605e-03
   2.1423340e-02
   9.6740723e-03
   3.3569336e-04
   1.8768311e-02
   3.2073975e-02
   4.8217773e-02
   5.5450439e-02
   1.5350342e-02
  -1.0559082e-02
   1.8188477e-02
   2.4108887e-02
   1.8310547e-04
  -1.5014648e-02
  -2.9174805e-02
  -1.4434814e-02
   2.6824951e-02
   2.9205322e-02
   4.7607422e-03
  -1.2542725e-02
  -3.5491943e-02
  -4.6875000e-02
  -3.7475586e-02
  -4.5684814e-02
  -3.4820557e-02
   2.3040771e-02
   6.5124512e-02
   5.1849365e-02
   1.6479492e-03
  -4.2419434e-02
  -4.3151855e-02
  -2.0843506e-02
  -1.7761230e-02
  -2.7801514e-02
  -7.5378418e-03
   2.4414062e-02
   3.2958984e-02
   1.9317627e-02
  -1.0406494e-02
  -3.5217285e-02
  -2.6550293e-02
  -1.0284424e-02
  -1.7242432e-02
  -1.6296387e-02
  -3.2653809e-03
   1.4709473e-02
   3.5156250e-02
   2.4658203e-02
  -1.9226074e-02
  -2.7709961e-02
   1.0314941e-02
   2.9174805e-02
   1.5350342e-02
  -9.8876953e-03
  -3.8116455e-02
  -2.3681641e-02
   1.5289307e-02
   2.0904541e-02
   2.1057129e-02
   2.6092529e-02
   2.1270752e-02
   3.5369873e-02
   2.7099609e-02
  -1.5014648e-02
  -2.2216797e-02
  -6.0424805e-03
   1.6601562e-02
   3.7231445e-02
   3.5095215e-03
  -3.2623291e-02
  -1.3671875e-02
   2.0751953e-03
   8.3923340e-03
   2.6550293e-02
   7.3547363e-03
  -2.2369385e-02
  -1.4129639e-02
  -7.3852539e-03
  -1.5899658e-02
  -1.1688232e-02
  -1.0528564e-02
  -6.1950684e-03
   2.1545410e-02
   2.2247314e-02
  -2.3193359e-03
  -6.7138672e-04
  -2.0141602e-02
  -5.1300049e-02
  -2.1331787e-02
   2.1148682e-02
   3.9550781e-02
   4.9438477e-02
   3.0242920e-02
  -1.6387939e-02
  -4.7576904e-02
  -3.5644531e-02
   7.0190430e-04
   2.2186279e-02
   1.2145996e-02
   9.2773438e-03
   5.1269531e-03
  -2.4200439e-02
  -3.9978027e-02
  -3.8848877e-02
  -2.0233154e-02
   4.1992188e-02
   1.0263062e-01
   8.1451416e-02
   1.5319824e-02
  -3.9825439e-02
  -7.4401855e-02
  -6.0607910e-02
  -1.4465332e-02
   1.2786865e-02
   3.8787842e-02
   6.3842773e-02
   3.9306641e-02
  -1.5808105e-02
  -4.7363281e-02
  -5.8135986e-02
  -4.3548584e-02
   2.6855469e-03
   3.7384033e-02
   3.3050537e-02
   2.9602051e-03
  -1.3488770e-02
  -1.2512207e-03
   2.2583008e-03
  -3.6926270e-03
   1.1230469e-02
   2.3834229e-02
   2.4291992e-02
   1.9378662e-02
  -2.9144287e-02
  -7.8918457e-02
  -5.5755615e-02
  -1.8310547e-03
   1.8157959e-02
   1.8432617e-02
   1.4648438e-02
  -4.3640137e-03
  -6.1035156e-05
   8.6975098e-03
  -2.9846191e-02
  -4.1870117e-02
  -3.3569336e-04
   3.1585693e-02
   4.3457031e-02
   2.9693604e-02
  -9.3078613e-03
  -1.9561768e-02
   4.1198730e-03
   8.6669922e-03
  -9.3078613e-03
  -1.0711670e-02
   4.5166016e-03
   6.3171387e-03
  -1.6540527e-02
  -3.4942627e-02
  -3.3874512e-02
  -1.1840820e-02
   3.1524658e-02
   5.3314209e-02
   2.6519775e-02
   1.0375977e-03
  -1.0314941e-02
  -2.0690918e-02
  -6.3476562e-03
  -6.6223145e-03
  -2.0202637e-02
   1.5472412e-02
   5.4901123e-02
   3.0364990e-02
   6.7443848e-03
   9.1552734e-03
  -1.0070801e-02
  -3.5095215e-03
   2.5787354e-02
   6.1035156e-03
  -2.1270752e-02
  -9.5520020e-03
   1.3122559e-02
   4.0466309e-02
   4.3548584e-02
   8.8195801e-03
  -1.7883301e-02
  -1.5808105e-02
  -1.1352539e-02
  -9.3688965e-03
  -1.5228271e-02
  -1.9409180e-02
  -6.9274902e-03
   0.0000000e+00
  -3.8757324e-03
  -9.5214844e-03
  -1.3763428e-02
  -1.2512207e-03
   1.0253906e-02
   3.4484863e-03
  -8.7890625e-03
  -1.5563965e-02
   2.7770996e-03
   2.2155762e-02
   7.7819824e-03
  -7.7209473e-03
  -9.4909668e-03
  -2.0080566e-02
  -1.0742188e-02
   1.4160156e-02
  -4.4555664e-03
  -3.0822754e-02
  -1.0559082e-02
   2.2888184e-03
  -1.3549805e-02
  -1.5960693e-02
  -6.3781738e-03
   4.9438477e-03
   2.5939941e-02
   2.1270752e-02
  -9.5520020e-03
  -1.3580322e-02
  -1.9531250e-03
   1.2786865e-02
   2.3803711e-02
   1.2664795e-02
  -1.2420654e-02
  -1.6448975e-02
  -5.7678223e-03
   2.6855469e-03
   8.1176758e-03
   1.7730713e-02
   3.0242920e-02
   2.0233154e-02
  -4.1198730e-03
  -2.8717041e-02
  -5.1177979e-02
  -4.1992188e-02
  -1.8615723e-03
   2.6855469e-02
   3.1585693e-02
   2.0782471e-02
  -1.6174316e-03
  -1.6601562e-02
  -1.3641357e-02
  -1.5747070e-02
  -1.6784668e-02
   1.3946533e-02
   3.3660889e-02
   1.5808105e-02
   7.4157715e-03
  -3.3874512e-03
  -1.9500732e-02
  -9.8571777e-03
   2.1362305e-03
  -1.9531250e-03
   6.4086914e-03
   3.1250000e-02
   3.8543701e-02
   2.6977539e-02
  -4.6386719e-03
  -4.0100098e-02
  -3.2348633e-02
  -4.4250488e-03
   1.6143799e-02
   2.3406982e-02
   2.4169922e-02
   2.5451660e-02
   1.8676758e-02
  -5.3405762e-03
  -3.8513184e-02
  -3.8604736e-02
  -7.3852539e-03
   1.2268066e-02
   1.0528564e-02
   1.3427734e-03
  -9.9792480e-03
  -6.0424805e-03
   7.2631836e-03
  -2.5024414e-03
  -3.1127930e-03
  -4.6691895e-03
  -2.7313232e-02
  -2.4414062e-02
  -1.3549805e-02
  -6.6528320e-03
   1.6662598e-02
   4.2266846e-02
   4.1809082e-02
   1.4770508e-02
  -1.0955811e-02
  -3.3203125e-02
  -4.7363281e-02
  -3.0426025e-02
  -1.4099121e-02
   1.2207031e-04
   4.4403076e-02
   6.3842773e-02
   2.9937744e-02
  -1.3397217e-02
  -3.9520264e-02
  -3.4912109e-02
  -1.1566162e-02
   1.4404297e-02
   2.5817871e-02
   1.6235352e-02
  -4.5776367e-04
  -1.2634277e-02
  -2.7984619e-02
  -4.4616699e-02
  -4.6295166e-02
  -5.3405762e-03
   4.5989990e-02
   5.8380127e-02
   4.0954590e-02
  -1.5869141e-03
  -4.4250488e-02
  -4.5501709e-02
  -1.6815186e-02
   1.6387939e-02
   4.8797607e-02
   6.1828613e-02
   4.5471191e-02
   1.0559082e-02
  -2.6367188e-02
  -4.6936035e-02
  -3.6285400e-02
   2.4719238e-03
   2.8076172e-02
   3.0639648e-02
   2.3620605e-02
   2.7770996e-03
  -1.9256592e-02
  -2.7984619e-02
  -2.6214600e-02
  -8.1787109e-03
   2.1484375e-02
   3.4210205e-02
   2.3986816e-02
  -2.8991699e-03
  -3.9978027e-02
  -4.0893555e-02
  -1.4648438e-03
   1.3671875e-02
   3.8757324e-03
  -1.0986328e-03
  -7.4768066e-03
  -9.7656250e-03
  -1.1993408e-02
  -3.9672852e-02
  -5.3131104e-02
  -1.3580322e-02
   3.3294678e-02
   5.7189941e-02
   3.7506104e-02
  -1.8493652e-02
  -3.4912109e-02
  -9.6740723e-03
   8.5449219e-03
   2.3223877e-02
   2.6855469e-02
   1.1535645e-02
  -1.2207031e-04
   5.1879883e-04
  -1.8981934e-02
  -4.6051025e-02
  -3.6163330e-02
  -1.8310547e-03
   4.0740967e-02
   6.1767578e-02
   3.1280518e-02
  -7.3242188e-04
  -2.7465820e-03
  -1.0131836e-02
  -1.6296387e-02
  -6.8359375e-03
   1.3244629e-02
   3.8940430e-02
   4.4738770e-02
   8.3312988e-03
  -3.8269043e-02
  -5.5450439e-02
  -3.5278320e-02
   1.0406494e-02
   3.5919189e-02
   1.4984131e-02
  -2.8076172e-03
   1.3763428e-02
   2.0507812e-02
  -4.8522949e-03
  -2.6611328e-02
  -3.6773682e-02
  -1.6601562e-02
   2.9083252e-02
   3.0029297e-02
  -6.6223145e-03
  -2.7130127e-02
  -2.3895264e-02
  -5.1879883e-03
   1.0192871e-02
   6.8359375e-03
  -3.3569336e-04
   5.1269531e-03
   2.1972656e-03
  -1.6113281e-02
  -3.9611816e-02
  -4.7424316e-02
  -1.9439697e-02
   2.4536133e-02
   3.9520264e-02
   1.8676758e-02
  -7.3852539e-03
  -1.1962891e-02
   3.4179688e-03
   1.2969971e-02
  -1.4129639e-02
  -1.7608643e-02
  -3.8055420e-02
  -5.1452637e-02
   4.1229248e-02
   2.6306152e-02
   6.1462402e-02
   1.9775391e-02
   4.8522949e-02
   9.6923828e-02
   6.1462402e-02
  -5.4626465e-03
   2.5238037e-02
   4.6875000e-02
   3.0517578e-03
  -4.1076660e-02
  -3.5095215e-02
  -3.5949707e-02
  -4.0252686e-02
  -3.5003662e-02
  -7.4829102e-02
  -9.4482422e-02
  -1.0665894e-01
  -7.3120117e-02
   1.3671875e-02
   4.4403076e-02
   4.8583984e-02
   7.3730469e-02
   6.8695068e-02
   7.1228027e-02
   5.6030273e-02
   7.6293945e-03
  -2.3864746e-02
  -9.5825195e-03
  -3.5095215e-03
  -1.1016846e-02
  -3.6132812e-02
  -5.0872803e-02
  -5.5664062e-02
  -2.5634766e-02
  -5.9814453e-03
  -1.9897461e-02
  -7.6293945e-04
  -1.9226074e-03
  -1.3427734e-03
   1.3305664e-02
  -2.8076172e-03
  -1.3427734e-03
   3.6041260e-02
   6.4361572e-02
   6.0333252e-02
   2.4444580e-02
   4.0893555e-03
   9.1552734e-04
  -3.0517578e-05
  -2.5329590e-03
  -2.5329590e-02
  -2.0599365e-02
  -2.1057129e-03
   8.4838867e-03
   2.2369385e-02
   1.0101318e-02
  -1.6479492e-02
  -6.1340332e-03
   1.7517090e-02
   1.5380859e-02
   5.5236816e-03
  -1.3610840e-02
  -2.0385742e-02
  -1.3580322e-02
  -9.1552734e-03
  -1.0070801e-02
  -8.2397461e-04
   7.1105957e-03
   1.7303467e-02
   1.5655518e-02
  -1.6662598e-02
  -3.5797119e-02
  -1.7364502e-02
   2.4108887e-03
   6.0424805e-03
   3.3569336e-04
  -5.5694580e-02
  -9.4268799e-02
  -1.0247803e-01
  -1.3055420e-01
  -1.0586548e-01
  -3.9459229e-02
   6.0974121e-02
   1.6870117e-01
   2.4038696e-01
   2.4316406e-01
   1.9149780e-01
   1.3323975e-01
   7.0312500e-02
  -2.8381348e-03
  -6.5551758e-02
  -1.0250854e-01
  -9.6801758e-02
  -7.0556641e-02
  -7.7484131e-02
  -1.0012817e-01
  -9.0850830e-02
  -6.3171387e-02
  -1.9470215e-02
   3.7109375e-02
   4.7088623e-02
   3.1829834e-02
   2.5787354e-02
   2.1942139e-02
  -2.4108887e-03
  -2.1514893e-02
  -3.3386230e-02
  -2.5329590e-02
   2.8381348e-03
   2.9510498e-02
   8.7890625e-03
  -1.7364502e-02
  -3.3081055e-02
  -3.3813477e-02
  -7.9345703e-03
  -3.1738281e-03
  -1.5899658e-02
  -1.0070801e-02
   1.0101318e-02
   1.7730713e-02
   7.6293945e-04
  -2.9602051e-03
   4.0588379e-03
   2.8778076e-02
   4.3487549e-02
   4.3640137e-02
   3.3355713e-02
   2.1759033e-02
   1.1871338e-02
   8.9416504e-03
   1.0101318e-02
  -2.0477295e-02
  -5.6518555e-02
  -8.0810547e-02
  -1.1685181e-01
  -1.5139771e-01
  -1.7190552e-01
  -1.4248657e-01
  -4.9713135e-02
   6.5734863e-02
   1.7303467e-01
   2.4377441e-01
   2.5915527e-01
   2.4926758e-01
   2.1166992e-01
   1.2020874e-01
   1.2786865e-02
  -6.7169189e-02
  -1.0467529e-01
  -1.1572266e-01
  -1.1523438e-01
  -1.2219238e-01
  -1.2359619e-01
  -9.3444824e-02
  -4.6813965e-02
  -6.8054199e-03
   2.8747559e-02
   6.0852051e-02
   8.2092285e-02
   9.7686768e-02
   8.6944580e-02
   4.0039062e-02
  -1.8157959e-02
  -4.8461914e-02
  -5.4412842e-02
  -5.7769775e-02
  -5.9753418e-02
  -6.4147949e-02
  -4.7576904e-02
  -2.8625488e-02
  -2.7587891e-02
  -1.7944336e-02
  -4.5776367e-03
   1.3458252e-02
   4.4036865e-02
   5.0201416e-02
   2.7984619e-02
   1.2359619e-02
  -3.8452148e-03
  -2.0294189e-02
  -1.4099121e-02
  -7.6293945e-04
   9.7045898e-03
   2.7282715e-02
   6.0119629e-02
   5.9173584e-02
   3.3874512e-02
   2.4841309e-02
   3.0364990e-02
   2.7770996e-02
   1.5869141e-03
  -7.9986572e-02
  -1.9042969e-01
  -2.5158691e-01
  -2.7008057e-01
  -2.1594238e-01
  -1.0040283e-01
   4.6875000e-02
   1.8496704e-01
   2.8207397e-01
   3.2681274e-01
   3.2339478e-01
   2.7175903e-01
   1.9067383e-01
   1.0131836e-01
   1.7211914e-02
  -5.9478760e-02
  -1.4752197e-01
  -2.1017456e-01
  -2.3782349e-01
  -2.2894287e-01
  -1.9589233e-01
  -1.5744019e-01
  -9.2864990e-02
   7.2937012e-03
   9.5794678e-02
   1.5161133e-01
   1.8087769e-01
   1.6915894e-01
   1.3839722e-01
   1.0784912e-01
   7.0800781e-02
   7.1105957e-03
  -6.1218262e-02
  -1.2170410e-01
  -1.6329956e-01
  -1.7153931e-01
  -1.6119385e-01
  -1.3366699e-01
  -7.8338623e-02
  -7.7819824e-03
   4.7943115e-02
   7.2601318e-02
   8.2489014e-02
   8.9752197e-02
   9.1430664e-02
   8.4594727e-02
   6.3629150e-02
   3.9459229e-02
   2.9296875e-02
   1.7059326e-02
  -5.0354004e-03
  -2.5878906e-02
  -3.8482666e-02
  -2.8228760e-02
   1.1596680e-03
   3.1585693e-02
   2.0843506e-02
  -7.3242188e-03
  -5.7922363e-02
  -1.2875366e-01
  -1.7687988e-01
  -2.0788574e-01
  -1.9256592e-01
  -1.1645508e-01
   3.9367676e-03
   1.2792969e-01
   2.2714233e-01
   2.8552246e-01
   3.1616211e-01
   3.0249023e-01
   2.4029541e-01
   1.4886475e-01
   3.6804199e-02
  -6.4880371e-02
  -1.4022827e-01
  -1.9146729e-01
  -2.3275757e-01
  -2.5210571e-01
  -2.3205566e-01
  -1.8087769e-01
  -1.2539673e-01
  -5.1971436e-02
   3.0914307e-02
   1.1392212e-01
   1.9564819e-01
   2.3715210e-01
   2.2842407e-01
   1.9165039e-01
   1.2652588e-01
   4.7393799e-02
  -2.7038574e-02
  -1.0681152e-01
  -1.8222046e-01
  -2.1829224e-01
  -2.1572876e-01
  -1.7926025e-01
  -1.2655640e-01
  -6.7871094e-02
  -9.3078613e-03
   4.7180176e-02
   9.1125488e-02
   1.1755371e-01
   1.3067627e-01
   1.1544800e-01
   8.9660645e-02
   6.6070557e-02
   3.8757324e-02
   1.0437012e-02
  -2.6062012e-02
  -6.2713623e-02
  -8.0322266e-02
  -7.8186035e-02
  -5.5969238e-02
  -1.0925293e-02
   2.1881104e-02
   3.1799316e-02
   3.4820557e-02
  -1.9226074e-03
  -7.4737549e-02
  -1.4773560e-01
  -1.9616699e-01
  -1.9015503e-01
  -1.2231445e-01
   5.0964355e-03
   1.3214111e-01
   2.4392700e-01
   3.1512451e-01
   3.2162476e-01
   2.8442383e-01
   2.1908569e-01
   1.2014771e-01
   2.7526855e-02
  -5.3436279e-02
  -1.3281250e-01
  -1.9348145e-01
  -2.2912598e-01
  -2.3767090e-01
  -2.1093750e-01
  -1.6552734e-01
  -1.1627197e-01
  -4.0405273e-02
   4.1534424e-02
   1.1230469e-01
   1.7214966e-01
   1.9384766e-01
   1.7324829e-01
   1.4974976e-01
   1.1022949e-01
   4.1442871e-02
  -2.7954102e-02
  -1.0360718e-01
  -1.6339111e-01
  -1.7965698e-01
  -1.6970825e-01
  -1.6207886e-01
  -1.3882446e-01
  -8.8378906e-02
  -2.2430420e-02
   4.3121338e-02
   8.4625244e-02
   1.0812378e-01
   1.2921143e-01
   1.4654541e-01
   1.4328003e-01
   1.2216187e-01
   6.5917969e-02
   1.9531250e-03
  -3.2867432e-02
  -6.3476562e-02
  -9.5550537e-02
  -9.8846436e-02
  -9.4360352e-02
  -7.3394775e-02
  -1.3458252e-02
   3.5522461e-02
   5.6335449e-02
   6.8267822e-02
   5.7922363e-02
   8.4533691e-03
  -5.2673340e-02
  -1.0589600e-01
  -1.6049194e-01
  -1.6864014e-01
  -1.4550781e-01
  -8.6700439e-02
   9.3994141e-03
   1.2872314e-01
   2.3236084e-01
   3.0838013e-01
   3.1152344e-01
   2.6583862e-01
   1.8692017e-01
   8.8226318e-02
  -8.9721680e-03
  -9.1369629e-02
  -1.7214966e-01
  -2.2164917e-01
  -2.4041748e-01
  -2.2006226e-01
  -1.8615723e-01
  -1.4730835e-01
  -8.5968018e-02
  -1.4862061e-02
   6.4636230e-02
   1.4007568e-01
   1.7837524e-01
   1.9613647e-01
   1.8884277e-01
   1.5966797e-01
   1.1621094e-01
   3.6712646e-02
  -6.6040039e-02
  -1.4508057e-01
  -1.9586182e-01
  -2.2372437e-01
  -2.1133423e-01
  -1.8643188e-01
  -1.4260864e-01
  -6.0058594e-02
   3.9123535e-02
   1.0824585e-01
   1.4376831e-01
   1.5811157e-01
   1.6088867e-01
   1.5420532e-01
   1.1489868e-01
   5.3253174e-02
   2.1118164e-02
   7.0800781e-03
  -2.0263672e-02
  -5.9600830e-02
  -1.0162354e-01
  -1.2622070e-01
  -1.1703491e-01
  -7.7636719e-02
  -3.3752441e-02
  -5.4016113e-03
   3.8482666e-02
   8.6151123e-02
   1.2640381e-01
   1.4022827e-01
   1.0916138e-01
   5.3863525e-02
   9.7656250e-04
  -8.3923340e-02
  -1.7098999e-01
  -2.2100830e-01
  -2.3223877e-01
  -1.6589355e-01
  -5.9814453e-02
   5.0872803e-02
   1.6354370e-01
   2.5799561e-01
   3.0468750e-01
   3.0264282e-01
   2.3721313e-01
   1.2353516e-01
   9.7656250e-04
  -9.2956543e-02
  -1.6546631e-01
  -2.2146606e-01
  -2.4780273e-01
  -2.3950195e-01
  -1.9515991e-01
  -1.3058472e-01
  -7.0770264e-02
  -1.7456055e-02
   5.6274414e-02
   1.2509155e-01
   1.7492676e-01
   2.0565796e-01
   1.9845581e-01
   1.5481567e-01
   1.0873413e-01
   4.7424316e-02
  -2.8869629e-02
  -1.0186768e-01
  -1.5899658e-01
  -1.8493652e-01
  -1.7166138e-01
  -1.4849854e-01
  -1.2277222e-01
  -8.1512451e-02
  -1.3275146e-02
   6.9427490e-02
   1.2869263e-01
   1.6137695e-01
   1.6690063e-01
   1.4770508e-01
   1.1822510e-01
   6.7565918e-02
   8.3618164e-03
  -3.8238525e-02
  -8.4716797e-02
  -1.1611938e-01
  -1.2719727e-01
  -1.2747192e-01
  -1.1297607e-01
  -8.4381104e-02
  -3.6132812e-02
   2.6885986e-02
   6.6772461e-02
   9.1308594e-02
   1.0968018e-01
   1.0629272e-01
   9.2498779e-02
   8.8165283e-02
   7.7880859e-02
   2.7954102e-02
  -1.6815186e-02
  -7.8216553e-02
  -1.6375732e-01
  -2.1347046e-01
  -2.2900391e-01
  -1.7517090e-01
  -6.5551758e-02
   4.3762207e-02
   1.5533447e-01
   2.4789429e-01
   3.0245972e-01
   3.1906128e-01
   2.5503540e-01
   1.4175415e-01
   2.8381348e-02
  -9.1827393e-02
  -1.7623901e-01
  -2.4139404e-01
  -2.8424072e-01
  -2.6882935e-01
  -2.1438599e-01
  -1.3864136e-01
  -4.0679932e-02
   2.6702881e-02
   7.4676514e-02
   1.2982178e-01
   1.7117310e-01
   1.8130493e-01
   1.6452026e-01
   1.4596558e-01
   1.2295532e-01
   7.2052002e-02
  -9.5825195e-03
  -1.0385132e-01
  -1.8588257e-01
  -2.1826172e-01
  -2.2073364e-01
  -1.9384766e-01
  -1.4978027e-01
  -7.6019287e-02
   8.8500977e-03
   8.3160400e-02
   1.3601685e-01
   1.7608643e-01
   1.9146729e-01
   1.8994141e-01
   1.6415405e-01
   1.1807251e-01
   5.5999756e-02
  -1.6784668e-02
  -8.0261230e-02
  -1.1950684e-01
  -1.4175415e-01
  -1.4407349e-01
  -1.2869263e-01
  -8.5021973e-02
  -4.0161133e-02
  -7.1411133e-03
   3.6102295e-02
   7.6293945e-02
   1.0247803e-01
   1.1483765e-01
   1.0226440e-01
   6.6009521e-02
   3.2928467e-02
   4.3029785e-03
  -2.4047852e-02
  -5.7250977e-02
  -9.1857910e-02
  -1.0058594e-01
  -8.1298828e-02
  -5.3497314e-02
  -2.1087646e-02
   1.5106201e-02
   4.2358398e-02
   5.7708740e-02
   8.2122803e-02
   9.1644287e-02
   7.2296143e-02
   4.2480469e-02
   7.2326660e-03
  -2.1697998e-02
  -3.3081055e-02
  -5.6518555e-02
  -7.7575684e-02
  -7.1990967e-02
  -5.3497314e-02
  -2.8198242e-02
  -5.8593750e-03
   9.7656250e-04
   9.3383789e-03
   2.2308350e-02
   2.7862549e-02
   2.8625488e-02
   3.1341553e-02
   3.0700684e-02
   2.6214600e-02
   2.7862549e-02
   4.7912598e-03
  -3.4759521e-02
  -5.3009033e-02
  -6.4666748e-02
  -7.0129395e-02
  -5.3985596e-02
  -3.3294678e-02
   2.9907227e-03
   5.0292969e-02
   8.2611084e-02
   9.6130371e-02
   1.0354614e-01
   9.1979980e-02
   6.9091797e-02
   5.2703857e-02
   1.3397217e-02
  -4.7088623e-02
  -8.8500977e-02
  -1.1413574e-01
  -1.2167358e-01
  -9.9151611e-02
  -6.5826416e-02
  -2.9174805e-02
   7.6904297e-03
   3.6224365e-02
   7.6904297e-03
  -4.0405273e-02
  -6.9946289e-02
  -7.9681396e-02
  -5.5023193e-02
  -6.1645508e-03
   3.5491943e-02
   1.0711670e-01
   1.7807007e-01
   2.2619629e-01
   2.3117065e-01
   1.8054199e-01
   1.0021973e-01
   1.0070801e-02
  -8.6730957e-02
  -1.5356445e-01
  -2.0422363e-01
  -2.2201538e-01
  -1.7117310e-01
  -9.6527100e-02
  -2.7252197e-02
   3.7506104e-02
   8.0108643e-02
   1.0977173e-01
   1.1941528e-01
   1.0311890e-01
   7.2448730e-02
   3.8665771e-02
   2.0965576e-02
   1.6082764e-02
  -3.4484863e-03
  -3.8269043e-02
  -7.3791504e-02
  -9.7625732e-02
  -1.1016846e-01
  -1.2249756e-01
  -1.1929321e-01
  -9.2956543e-02
  -4.3151855e-02
   3.1188965e-02
   8.6578369e-02
   1.1764526e-01
   1.3800049e-01
   1.3348389e-01
   1.1276245e-01
   7.9956055e-02
   2.1575928e-02
  -3.3782959e-02
  -7.9040527e-02
  -1.0476685e-01
  -1.1233521e-01
  -1.0437012e-01
  -7.6324463e-02
  -2.1820068e-02
   3.7780762e-02
   7.0098877e-02
   7.4584961e-02
   6.5216064e-02
   4.3029785e-02
   2.5573730e-02
   2.2583008e-02
   6.5002441e-03
  -1.0070801e-02
  -1.4190674e-02
  -2.2308350e-02
  -3.4454346e-02
  -4.9377441e-02
  -6.5246582e-02
  -6.7993164e-02
  -5.6365967e-02
  -3.4881592e-02
  -1.4923096e-02
   1.0650635e-02
   4.7485352e-02
   7.8552246e-02
   9.9822998e-02
   1.0037231e-01
   7.1044922e-02
   4.3334961e-02
   2.5909424e-02
   5.6762695e-03
  -2.2735596e-02
  -5.6579590e-02
  -7.8460693e-02
  -7.9620361e-02
  -7.3089600e-02
  -5.7037354e-02
  -4.2633057e-02
  -1.7333984e-02
   1.6845703e-02
   3.6895752e-02
   5.5084229e-02
   6.3140869e-02
   5.1025391e-02
   5.1696777e-02
   5.3222656e-02
   3.0700684e-02
  -5.3405762e-03
  -3.2379150e-02
  -4.5196533e-02
  -4.4860840e-02
  -3.5430908e-02
  -3.2745361e-02
  -2.8137207e-02
  -1.8310547e-04
   2.2247314e-02
   3.1616211e-02
   3.4301758e-02
   2.3254395e-02
   2.2735596e-02
   3.3355713e-02
   2.6123047e-02
   5.6152344e-03
  -8.4838867e-03
  -1.8310547e-02
  -2.9144287e-02
  -2.6214600e-02
  -2.0629883e-02
  -2.1667480e-02
  -1.1566162e-02
   2.2583008e-03
   3.9672852e-03
   3.5705566e-03
  -1.1596680e-03
  -7.6599121e-03
  -8.1787109e-03
  -7.5988770e-03
  -7.4462891e-03
  -2.7465820e-04
   5.8593750e-03
   1.3122559e-02
   9.6435547e-03
   1.5563965e-03
  -2.1362305e-03
   8.2397461e-04
   4.5776367e-03
   2.7160645e-03
  -7.9956055e-03
  -1.7395020e-02
  -1.5594482e-02
  -1.0864258e-02
  -9.9487305e-03
  -9.0637207e-03
  -8.0871582e-03
  -4.9743652e-03
   1.0986328e-03
   2.7465820e-03
  -1.8005371e-03
  -2.0141602e-03
   7.9956055e-03
   1.9622803e-02
   2.1911621e-02
   1.5533447e-02
   1.0681152e-02
   5.1574707e-03
  -8.6975098e-03
  -1.4892578e-02
  -2.5268555e-02
  -3.2745361e-02
  -1.7791748e-02
  -4.2724609e-04
   1.0040283e-02
   2.0080566e-02
   2.4169922e-02
   2.3590088e-02
   2.2644043e-02
   1.3458252e-02
   1.4343262e-03
  -4.0893555e-03
  -5.8288574e-03
  -6.9885254e-03
  -5.8593750e-03
  -6.9274902e-03
  -8.0261230e-03
  -7.7514648e-03
  -5.4016113e-03
  -1.0986328e-03
   7.7514648e-03
   1.6235352e-02
   1.9775391e-02
   1.7303467e-02
   1.0620117e-02
   1.0131836e-02
   7.4157715e-03
   5.8593750e-03
   7.2326660e-03
  -1.2512207e-03
  -8.4838867e-03
  -2.0050049e-02
  -3.7109375e-02
  -3.4729004e-02
  -2.6153564e-02
  -1.1840820e-02
   9.2468262e-03
   2.2064209e-02
   3.2012939e-02
   4.1717529e-02
   3.6682129e-02
   2.3529053e-02
   1.5441895e-02
   1.5563965e-02
   1.1810303e-02
   2.6550293e-03
  -4.5166016e-03
  -2.2979736e-02
  -3.9184570e-02
  -4.2999268e-02
  -4.0252686e-02
  -3.1646729e-02
  -1.4221191e-02
   3.9367676e-03
   1.2145996e-02
   1.1901855e-02
   7.8430176e-03
   6.0729980e-03
   1.0467529e-02
   2.2644043e-02
   1.7242432e-02
   1.4770508e-02
   1.5563965e-02
  -3.6621094e-03
  -1.7242432e-02
  -2.9144287e-02
  -4.6691895e-02
  -5.4504395e-02
  -5.0537109e-02
  -3.5156250e-02
  -1.1383057e-02
   1.4007568e-02
   3.0609131e-02
   4.0252686e-02
   4.4128418e-02
   4.5776367e-02
   4.3884277e-02
   3.0792236e-02
   3.8146973e-03
  -1.5441895e-02
  -2.2613525e-02
  -3.0578613e-02
  -2.6428223e-02
  -2.6489258e-02
  -2.8350830e-02
  -1.3519287e-02
  -7.9040527e-03
  -7.5378418e-03
  -5.3100586e-03
  -7.2937012e-03
   6.9274902e-03
   3.1250000e-02
   5.0994873e-02
   5.9082031e-02
   5.2825928e-02
   3.6041260e-02
   7.1105957e-03
  -1.6876221e-02
  -3.3233643e-02
  -5.4992676e-02
  -6.3415527e-02
  -5.1574707e-02
  -4.4464111e-02
  -2.4505615e-02
   9.6740723e-03
   2.9541016e-02
   5.9082031e-02
   8.8195801e-02
   9.5275879e-02
   9.0637207e-02
   6.9610596e-02
   2.7160645e-02
  -2.1850586e-02
  -6.8664551e-02
  -1.0488892e-01
  -1.1770630e-01
  -1.1288452e-01
  -9.1644287e-02
  -5.4748535e-02
  -1.3488770e-02
   2.7435303e-02
   6.3232422e-02
   8.5906982e-02
   8.7249756e-02
   7.6354980e-02
   6.6467285e-02
   4.4067383e-02
   6.3476562e-03
  -3.2196045e-02
  -5.9417725e-02
  -7.4035645e-02
  -6.8389893e-02
  -5.1971436e-02
  -3.7872314e-02
  -1.8035889e-02
   5.9509277e-03
   3.1890869e-02
   5.0079346e-02
   5.7006836e-02
   5.5175781e-02
   5.1788330e-02
   3.7322998e-02
   1.9226074e-02
  -6.1950684e-03
  -2.8900146e-02
  -3.9550781e-02
  -3.8024902e-02
  -2.7954102e-02
  -1.7181396e-02
  -9.7961426e-03
  -3.0517578e-03
   4.7912598e-03
   8.1176758e-03
   1.2329102e-02
   1.9287109e-02
   3.2073975e-02
   4.6417236e-02
   4.3945312e-02
   3.1127930e-02
   6.9580078e-03
  -2.1179199e-02
  -4.4799805e-02
  -6.5826416e-02
  -6.9396973e-02
  -6.0150146e-02
  -4.2694092e-02
  -1.7333984e-02
  -4.5166016e-03
   3.5095215e-03
   1.5747070e-02
   2.8167725e-02
   4.0740967e-02
   3.9062500e-02
   3.3752441e-02
   2.9174805e-02
   1.2145996e-02
  -4.7607422e-03
  -2.4841309e-02
  -3.8757324e-02
  -4.3334961e-02
  -4.2968750e-02
  -3.2928467e-02
  -1.9470215e-02
  -4.0893555e-03
   7.5378418e-03
   7.3547363e-03
   2.0538330e-02
   3.3630371e-02
   4.0557861e-02
   4.3579102e-02
   3.7841797e-02
   3.1066895e-02
   2.0660400e-02
   1.6174316e-03
  -1.0894775e-02
  -2.0446777e-02
  -2.6458740e-02
  -2.0629883e-02
  -1.4099121e-02
  -2.6550293e-03
   9.1552734e-05
  -4.1503906e-03
   3.0212402e-03
   6.5917969e-03
   1.0925293e-02
   1.6113281e-02
   1.8951416e-02
   1.6662598e-02
   1.3610840e-02
   1.3641357e-02
   1.0284424e-02
   8.1787109e-03
   2.2888184e-03
  -1.9287109e-02
  -3.6254883e-02
  -4.5318604e-02
  -4.4860840e-02
  -3.7414551e-02
  -1.8798828e-02
  -5.4931641e-04
   9.3994141e-03
   2.7008057e-02
   2.3559570e-02
   1.3793945e-02
   1.5136719e-02
   8.5754395e-03
  -6.1035156e-05
   2.8076172e-03
   5.2490234e-03
   7.3852539e-03
   3.6621094e-04
  -1.0253906e-02
  -2.1057129e-02
  -1.2145996e-02
  -1.3183594e-02
  -1.1138916e-02
   4.8828125e-04
   3.5095215e-03
   8.4838867e-03
   2.1881104e-02
   1.6387939e-02
   1.6845703e-02
   1.2664795e-02
   1.1779785e-02
   2.1697998e-02
   7.7209473e-03
  -8.7890625e-03
  -1.4221191e-02
  -2.1087646e-02
  -2.4078369e-02
  -2.3773193e-02
  -2.3864746e-02
  -2.6855469e-02
  -2.1453857e-02
  -2.2186279e-02
  -1.8707275e-02
  -4.2724609e-03
   1.1474609e-02
   2.2216797e-02
   3.9550781e-02
   3.2958984e-02
   3.9367676e-02
   3.2653809e-02
   1.9714355e-02
   1.1901855e-02
   1.3275146e-02
  -5.1574707e-03
  -1.1627197e-02
  -1.9165039e-02
  -3.2592773e-02
  -3.8208008e-02
  -3.1555176e-02
  -2.2247314e-02
   2.3193359e-03
   1.4190674e-02
   2.7404785e-02
   2.5054932e-02
   2.5543213e-02
   2.1881104e-02
   1.5411377e-02
   3.8757324e-03
  -2.9907227e-03
  -1.4434814e-02
  -1.9317627e-02
  -2.9083252e-02
  -2.1789551e-02
  -2.8259277e-02
  -3.0731201e-02
  -2.3590088e-02
   1.2207031e-04
   1.5167236e-02
   3.6224365e-02
   3.1066895e-02
   4.4982910e-02
   3.3142090e-02
   2.1209717e-02
   6.3781738e-03
  -7.3547363e-03
  -1.8066406e-02
  -1.7852783e-02
  -1.3183594e-02
  -5.3405762e-03
  -9.3383789e-03
  -1.4953613e-02
  -1.8432617e-02
  -4.4250488e-03
   6.0424805e-03
   1.4770508e-02
   2.6214600e-02
   2.5024414e-02
   8.1176758e-03
  -3.9062500e-03
  -2.4871826e-02
  -2.9754639e-02
  -2.4780273e-02
  -2.2064209e-02
  -1.4617920e-02
   4.9743652e-03
   6.1035156e-03
   2.3590088e-02
   1.5380859e-02
   1.8676758e-02
   2.1331787e-02
   1.9134521e-02
   1.6021729e-02
   1.3916016e-02
  -7.3242188e-04
  -3.2958984e-03
  -1.3763428e-02
  -1.4617920e-02
  -1.0864258e-02
  -1.3427734e-02
  -1.4495850e-02
  -1.3885498e-02
  -2.3651123e-02
