   5.9929248e-26   2.9545015e-26   2.2487290e-27   1.0486824e-20   1.4686106e-20   3.7607637e-21   1.9615208e-21   7.6941855e-21   1.1859290e-22   2.4968788e-21   1.0765901e-21   3.3029117e-20   4.1342321e-23   1.4032091e-19   1.4032091e-19   1.6127033e-19   1.5974158e-19   7.8424218e-21   2.6234954e-20   8.3923063e-22   1.0899408e-21   3.0980946e-21   1.1668206e-20   9.7490670e-22   2.1236916e-21   2.9681534e-22   3.6106363e-24   1.4202536e-21   5.6338564e-21   1.7161550e-20   9.7012406e-23   2.4951477e-22
   4.5692993e-25   1.2863061e-25   4.3384720e-26   3.2267776e-21   2.1448871e-21   3.1020042e-21   1.4248999e-21   2.2740164e-19   3.0255018e-21   1.7881188e-20   1.1341023e-21   4.5827885e-21   5.3838035e-22   1.7349519e-20   1.7349519e-20   2.4202979e-20   2.9562122e-20   7.9783745e-21   2.6765734e-20   5.0116260e-21   9.0995151e-20   9.3593017e-21   1.9036253e-21   6.0303322e-21   5.3028658e-21   1.7068639e-21   1.8240697e-21   9.7860685e-21   2.2412570e-21   4.9772121e-20   1.1359827e-20   1.2187715e-20
   1.5768989e-23   8.7068444e-26   9.0189099e-26   8.3688517e-22   1.2572050e-23   4.3914937e-23   5.7314319e-22   1.3493511e-21   4.1441604e-22   1.0515500e-21   6.2003559e-22   9.4366502e-22   2.2765588e-21   5.2961938e-21   5.2961938e-21   1.5598137e-21   1.8692461e-21   2.0306000e-20   3.1646587e-21   1.7063756e-22   4.1975244e-22   7.1251196e-21   3.2822345e-21   1.5729834e-21   9.0666136e-21   1.1104138e-21   2.4361989e-21   2.4739575e-23   2.7034373e-22   6.6295995e-22   5.1750167e-21   2.2592386e-22
   5.1242495e-24   1.5332047e-22   9.7849953e-23   3.3911495e-22   8.6367824e-23   2.4484202e-21   2.0485980e-20   1.4317253e-21   6.7090864e-24   1.5306128e-23   4.5789683e-23   6.4005792e-22   3.5439794e-22   1.8743193e-22   1.8743193e-22   1.2903532e-22   1.9434736e-22   3.8935777e-22   1.9197445e-22   1.5276103e-21   1.5728691e-21   1.2914478e-19   4.6890616e-20   8.5678288e-21   3.5905253e-20   3.1366950e-20   6.6203043e-21   2.2558658e-21   3.7404114e-23   1.0835522e-22   7.8030490e-21   7.7323502e-20
   1.4449374e-24   3.7897659e-24   5.1429420e-25   4.7221606e-24   1.1031622e-20   1.2433044e-20   6.6816321e-24   5.6947750e-22   2.6845160e-23   2.2620398e-23   2.8370231e-25   1.8040206e-23   2.0696015e-26   4.9206815e-22   4.9206815e-22   4.5624285e-22   5.4675130e-22   1.0824478e-23   1.1861197e-23   3.7863765e-21   9.6200667e-22   6.6059778e-22   1.0367147e-21   9.2581527e-23   3.4545693e-21   3.9530353e-21   1.5402390e-22   4.6823726e-21   3.2852889e-24   5.2349570e-22   2.7482120e-24   3.9982204e-22
   1.4057845e-24   4.3261540e-23   2.5915462e-23   3.6035427e-22   2.3301693e-22   5.1270779e-21   1.5928657e-20   1.2187715e-20   3.9550455e-23   8.1442071e-23   9.2829287e-23   9.4334877e-22   7.8377335e-22   1.9073228e-22   1.9073228e-22   2.4322756e-22   3.7338414e-22   5.0587095e-22   4.6453969e-22   4.6794094e-21   1.1428940e-20   8.0782756e-20   9.4519968e-21   5.1702781e-21   1.0246836e-20   6.3638352e-21   3.6678714e-21   5.9133284e-21   3.9480484e-23   3.3926599e-22   1.6165083e-20   2.2740164e-19
   8.4207705e-24   3.3038119e-23   1.2140544e-23   7.6775751e-22   1.6143654e-21   7.9767806e-21   2.8241225e-21   1.1176463e-20   1.0973956e-22   3.5171321e-22   6.5734416e-23   8.8981205e-22   4.0699860e-23   3.5406916e-21   3.5406916e-21   2.4984619e-21   3.2933024e-21   8.3462075e-22   1.1811406e-21   5.0453919e-21   1.3461337e-20   5.2058737e-20   3.9205931e-20   1.8942785e-20   8.7728788e-20   1.1244913e-19   2.0099618e-20   1.8073599e-20   3.8711493e-22   4.7092431e-21   3.5615988e-21   2.5889367e-20
   5.6531945e-22   2.2688695e-22   1.0688486e-22   4.4203453e-21   6.7983058e-22   1.8195498e-23   2.6551461e-23   1.6990248e-21   4.4409637e-23   3.8346638e-20   3.3669586e-20   8.8055255e-21   1.9287514e-21   1.7693643e-21   1.7693643e-21   9.2703489e-22   9.3590678e-22   1.0331365e-22   4.2600258e-21   5.9968442e-22   1.2209761e-20   2.5518178e-21   8.0500237e-22   1.6164030e-21   3.4125309e-20   7.3145096e-22   1.4030260e-21   2.2487739e-24   4.2829907e-23   1.9787845e-21   3.9089427e-23   1.9543122e-22
   9.6939657e-26   1.2658243e-25   6.1312451e-26   1.1926430e-21   2.6632091e-23   1.4114085e-22   1.0140032e-21   1.4227181e-20   3.5954191e-23   4.5471985e-22   5.0619773e-23   2.1864940e-22   1.8557281e-23   2.5186632e-21   2.5186632e-21   1.6828193e-21   2.1763230e-21   6.0397981e-22   3.6735979e-21   1.1422651e-22   1.0892758e-20   7.4051775e-21   5.9635789e-21   5.2638491e-20   1.9532317e-20   7.2642457e-20   3.6633971e-20   9.6259717e-21   3.7548986e-21   1.4749555e-20   1.4043069e-20   4.3111749e-21
   3.7846302e-23   1.1656013e-27   1.3853843e-27   3.7536816e-25   3.0829956e-22   1.2835032e-21   5.2160644e-25   3.0255018e-21   2.2740164e-19   1.1645423e-21   2.5961083e-24   7.8737150e-24   5.1934358e-23   5.9186464e-22   5.9186464e-22   3.7304814e-22   4.7334491e-22   9.6415193e-21   3.1700321e-23   1.2495629e-20   5.4934461e-22   1.1156126e-22   3.2186452e-24   4.4483046e-25   5.1377069e-23   1.1837328e-24   4.8352641e-23   1.5748157e-23   1.3316867e-25   8.4136582e-23   9.8190694e-23   3.9550455e-23
   5.7937058e-22   3.0311570e-24   1.7320452e-23   1.9324887e-24   4.1704199e-25   1.3008638e-23   2.9419542e-23   1.8070858e-22   3.9485336e-22   5.0066361e-23   2.4751344e-23   9.3867677e-24   8.2183801e-21   5.5451502e-24   5.5451502e-24   1.6827507e-24   2.6329093e-24   7.2591311e-22   9.4416790e-24   5.1432563e-22   2.3149706e-22   3.5096894e-21   4.6796522e-23   2.6105533e-23   1.2343387e-21   5.2390102e-23   7.7683807e-21   6.6193302e-25   4.6194578e-26   1.5739544e-24   3.6973611e-21   9.6574257e-22
   2.5278625e-25   7.1797274e-27   9.1532987e-28   2.1091067e-22   2.0381773e-20   2.5318490e-21   6.1684583e-24   2.8386471e-20   3.0731967e-21   1.3967972e-20   7.2013034e-23   6.3244259e-22   1.9281374e-24   2.6728968e-20   2.6728968e-20   3.6188117e-20   3.6534444e-20   8.9826323e-22   3.4004443e-21   3.1487545e-21   1.2061429e-20   1.8839002e-22   1.2776469e-22   1.1422503e-22   6.3847996e-22   1.0738859e-22   3.1227965e-23   1.6021640e-21   2.4712165e-22   3.7989575e-20   2.3631634e-23   8.8823957e-23
   1.1575812e-23   6.9032055e-24   6.4292119e-25   1.1513667e-22   2.2740164e-19   2.1844667e-20   1.9761628e-23   2.1448871e-21   3.0829956e-22   1.4770342e-21   9.4217206e-23   2.3586990e-21   4.3100222e-24   5.9597989e-21   5.9597989e-21   7.8310101e-21   8.0580011e-21   1.8092015e-22   3.0954604e-22   2.1575611e-20   2.1257833e-21   9.2871947e-22   7.9279715e-22   2.2108271e-23   1.6658882e-21   6.8506241e-23   3.3484501e-24   2.7261993e-22   6.5018707e-24   1.1892376e-21   1.3406034e-24   2.3301693e-22
   4.8526481e-24   4.2309658e-22   8.9239964e-23   2.5329546e-21   4.4727880e-21   7.8089742e-21   7.3053057e-21   5.3050254e-21   8.7519576e-24   2.3569325e-22   2.6952029e-22   4.6946691e-21   6.2034133e-23   2.0113901e-21   2.0113901e-21   1.9799871e-21   2.5123213e-21   1.7005593e-22   1.2660988e-21   3.9728045e-21   1.0392589e-20   6.6870066e-20   7.0789235e-20   1.7911240e-20   8.0202569e-20   5.6539576e-20   2.4047112e-21   7.6475649e-21   2.8514256e-22   2.3201116e-21   7.1883800e-22   3.6867805e-20
   4.3474104e-25   3.7087943e-26   1.4843711e-26   6.0293388e-22   2.3660194e-22   5.0587190e-22   1.6282883e-22   2.7012754e-20   6.0957356e-22   2.3702295e-21   4.6908648e-23   2.2408010e-22   9.9205521e-24   1.1244845e-20   1.1244845e-20   7.3299541e-21   8.7840541e-21   1.9225185e-21   4.6285228e-21   5.4297452e-22   1.5363289e-20   3.1126934e-21   2.4108361e-21   1.1124059e-20   1.3268100e-20   2.2125087e-20   1.5741935e-20   9.0160468e-21   2.4104719e-21   3.6846899e-20   3.9460452e-21   1.2076696e-21
   2.6962666e-27   2.7191236e-25   6.7184538e-26   5.8039282e-21   1.9761628e-23   3.7607238e-22   2.2740164e-19   1.4248999e-21   5.2160644e-25   9.7360852e-24   2.1199129e-22   6.3241117e-21   5.1048764e-22   8.3254025e-22   8.3254025e-22   9.8074691e-22   1.3429563e-21   1.2742670e-21   2.8675394e-21   4.6801656e-23   2.3698690e-22   3.8970769e-20   4.7499940e-20   9.9403414e-21   2.0484438e-21   1.8339627e-21   3.9266649e-23   1.6418131e-21   1.7334651e-21   2.5348071e-22   9.5804664e-21   1.5928657e-20
   7.9773993e-22   3.9609962e-21   2.2836844e-21   2.6618124e-21   1.3354562e-21   3.6139099e-22   4.4707547e-22   4.5515281e-21   4.8807184e-23   6.3592701e-21   7.5892342e-21   6.4633113e-21   2.5888905e-21   7.7674639e-22   7.7674639e-22   5.0632226e-22   6.0676535e-22   1.3279945e-22   1.7742355e-21   4.4584584e-21   3.3306262e-20   3.0450551e-20   6.1115171e-21   6.6984081e-21   1.2016997e-19   8.8494530e-21   1.1790891e-20   6.7320820e-23   3.1503207e-23   1.2589202e-21   4.5355402e-22   9.1568767e-21
   2.4463518e-25   4.9906716e-24   2.1237087e-24   1.1639924e-22   4.3294248e-23   3.4346476e-21   2.8737764e-20   3.3650215e-22   2.2488142e-24   1.1246539e-24   3.6491180e-24   2.3845054e-22   3.5138273e-23   2.2986566e-22   2.2986566e-22   1.4983797e-22   2.2567941e-22   6.1052987e-22   7.1519169e-23   4.3435211e-22   1.0927244e-22   6.1384127e-20   6.4006422e-20   2.6365711e-21   8.4389059e-21   1.4096654e-20   5.5641293e-22   3.5197148e-21   4.4573118e-23   3.8194649e-23   3.4220469e-21   1.9696872e-20
   2.9817508e-27   1.0978320e-26   4.2535641e-27   7.7145426e-21   1.9024044e-24   3.9681674e-24   1.4997635e-21   5.2112078e-21   1.6588122e-24   4.0783536e-22   2.6375215e-22   5.4269807e-22   3.1621192e-23   2.0219947e-21   2.0219947e-21   1.3920185e-21   1.6681641e-21   2.7037684e-22   1.3542340e-20   3.2951184e-24   3.2227821e-21   2.3411895e-21   3.5930043e-21   1.0101949e-19   6.3218537e-21   2.1546920e-20   5.8914950e-21   1.1326757e-21   2.3325132e-20   1.4593510e-20   1.0059165e-20   7.3709879e-22
   6.1095420e-25   1.0597201e-25   6.8068996e-27   6.2971527e-23   1.4902978e-19   1.8541842e-20   1.1532034e-23   1.4035250e-21   3.0781077e-22   5.9985678e-22   1.8937045e-23   1.1016174e-21   5.8973397e-25   1.2615158e-20   1.2615158e-20   1.7079552e-20   1.6917647e-20   3.3731666e-22   2.9530182e-22   6.8130901e-21   4.8420188e-22   2.5683799e-22   4.5826757e-22   8.4055795e-24   3.6186543e-22   2.3043509e-23   4.6438117e-25   4.0068309e-22   1.4500463e-23   1.4528771e-21   6.9694707e-25   4.3723024e-23
   3.4493200e-24   1.0960347e-24   2.5094154e-25   9.4768307e-24   2.1844667e-20   2.2740164e-19   3.7607238e-22   3.1020042e-21   1.2835032e-21   3.7298975e-23   1.8985546e-24   2.0954212e-22   6.7352125e-24   1.5962039e-21   1.5962039e-21   1.8803560e-21   2.5262247e-21   1.9438701e-21   4.8464619e-23   5.6547420e-20   7.3626403e-22   7.1731762e-21   2.5502983e-21   2.6300773e-23   1.1826121e-21   2.5527243e-22   2.6235543e-23   6.2502870e-21   2.7770466e-24   1.7370825e-22   1.0648673e-22   5.1270779e-21
   1.3394350e-25   3.3028756e-25   1.7230266e-25   1.0290656e-21   2.4912338e-23   1.3137613e-22   9.6200225e-22   1.4015987e-20   2.5801109e-23   4.1528554e-22   5.2829826e-23   1.9413891e-22   2.1194999e-23   1.4140563e-21   1.4140563e-21   9.9781801e-22   1.3152558e-21   3.3332492e-22   2.7163570e-21   1.3024250e-22   1.4804302e-20   8.3271619e-21   5.2460331e-21   5.6576104e-20   2.2157512e-20   8.2099767e-20   5.0810108e-20   8.8016561e-21   2.3026007e-21   1.1365460e-20   1.3686998e-20   6.5957328e-21
   7.7172137e-27   3.1996836e-25   9.7567382e-26   8.8528602e-21   6.9159493e-24   3.4408674e-23   1.3769552e-20   2.4606541e-21   4.5038190e-25   6.3323996e-23   1.6256620e-22   1.1719119e-21   3.4946689e-23   1.5167883e-21   1.5167883e-21   1.0703100e-21   1.3580709e-21   2.2634631e-22   5.6338973e-21   1.0691018e-23   1.6431843e-21   1.4327257e-20   3.5318595e-20   1.5350270e-19   1.8962169e-20   8.0806492e-20   4.5019942e-21   3.4332747e-21   1.2926019e-20   4.3984530e-21   9.3775198e-21   4.2342484e-21
   7.2004760e-24   1.1405647e-23   4.6307153e-24   2.4121711e-21   2.1257833e-21   7.3626403e-22   2.3698690e-22   9.0995151e-20   5.4934461e-22   2.9054452e-20   2.6524200e-21   3.1855396e-21   4.8276176e-22   2.7844640e-21   2.7844640e-21   3.5508325e-21   4.2552388e-21   3.7823791e-22   8.7914912e-21   4.6989278e-21   2.2740164e-19   7.0317052e-21   9.4298395e-22   7.2034005e-21   1.5979302e-20   3.3025123e-21   7.2242237e-21   1.5084349e-21   3.1279963e-22   2.3652599e-20   1.9183952e-21   1.1428940e-20
   5.0584519e-27   3.3545269e-26   9.4724910e-27   1.1370517e-21   4.2897699e-23   4.2121332e-22   3.0843362e-21   1.3935994e-20   1.1590808e-23   1.0014849e-22   1.3540254e-23   2.1563922e-22   3.8190734e-24   2.7894487e-21   2.7894487e-21   2.5999631e-21   3.4270944e-21   4.7631476e-22   3.0171855e-21   8.5842735e-23   5.7359938e-21   7.2759229e-21   1.0696576e-20   5.0964166e-20   8.6930447e-21   6.9401212e-20   7.2211020e-21   5.1212178e-20   7.5195363e-21   1.4887053e-20   1.1582225e-20   6.7714950e-21
   2.5649846e-23   1.3419335e-22   7.0038412e-23   3.1137467e-21   9.2871947e-22   7.1731762e-21   3.8970769e-20   9.3593017e-21   1.1156126e-22   4.3525689e-22   1.0989990e-21   9.5341887e-21   4.5354104e-21   2.7084767e-21   2.7084767e-21   2.0397782e-21   2.7931090e-21   4.8325462e-21   2.8094047e-21   7.5805929e-21   7.0317052e-21   2.2740164e-19   7.4304893e-20   1.1808225e-20   6.1762479e-20   1.5258373e-20   4.2597088e-21   2.3107837e-21   2.2532294e-22   8.9146295e-22   1.3796757e-20   8.0782756e-20
   6.8132941e-24   4.3373282e-28   4.6170898e-28   1.1873779e-24   2.0525361e-22   2.7261167e-21   6.1933760e-24   4.9571885e-21   1.5863912e-19   5.3154352e-22   2.3723939e-24   1.5849553e-23   7.5180981e-23   1.5168189e-21   1.5168189e-21   9.5604034e-22   1.2601873e-21   3.9030979e-20   8.3721688e-23   8.8580172e-21   4.1774387e-22   3.7164642e-22   1.9305219e-23   2.0421439e-24   8.2425531e-23   4.5685262e-24   7.0402265e-23   9.8450719e-23   1.0789032e-24   1.5480705e-22   6.5699581e-22   1.1924815e-22
   1.4591924e-25   1.1976834e-23   2.1676000e-24   1.2371218e-21   2.7837239e-22   2.3000850e-21   2.3137086e-20   3.8414081e-22   5.6516647e-25   5.5248606e-24   2.4519151e-23   1.5825135e-21   1.2011868e-23   1.3346432e-21   1.3346432e-21   9.4178073e-22   1.2179674e-21   2.5031676e-22   4.0234268e-22   2.2747177e-22   2.0377897e-22   4.1346910e-20   1.6649599e-19   9.4904975e-21   2.1718370e-20   3.4896720e-20   2.4728556e-22   3.9015031e-21   4.3779153e-22   2.9640942e-22   5.5046686e-22   6.4963128e-21
   1.7232593e-26   2.0084040e-26   3.2240820e-27   1.0218659e-19   3.0954604e-22   4.8464619e-23   2.8675394e-21   2.6765734e-20   3.1700321e-23   1.9806709e-20   2.2000339e-20   5.1682984e-20   7.3061726e-22   4.9744722e-20   4.9744722e-20   5.7171434e-20   5.7718575e-20   3.4942271e-21   2.2740164e-19   5.7250119e-23   8.7914912e-21   2.8094047e-21   4.0178771e-21   1.7016674e-20   3.3065268e-21   6.4917729e-22   7.5762276e-23   3.8599752e-22   4.7182258e-20   6.5512758e-20   1.6741949e-21   4.6453969e-22
   2.6440819e-24   8.7165109e-26   8.6701120e-26   3.2196478e-22   3.0475736e-23   2.0104516e-22   2.7356609e-22   2.2159070e-20   1.1892042e-21   1.9094621e-21   8.0072280e-23   1.4549914e-22   1.6139019e-22   2.7653960e-21   2.7653960e-21   1.4488925e-21   1.9098314e-21   3.9624719e-21   2.6866114e-21   6.0340766e-22   1.3717884e-20   6.5900893e-21   1.4553533e-21   8.5540798e-21   1.3381673e-20   1.2501513e-20   5.9910438e-20   1.9990037e-21   5.4295968e-22   7.4736913e-21   2.3821239e-20   2.9216076e-21
   3.8140328e-27   1.0120300e-29   1.1066430e-29   9.5229892e-23   4.5158349e-25   2.2614969e-23   9.2574766e-22   3.4215364e-21   5.3677251e-22   8.7796699e-23   1.9567480e-23   8.2805916e-23   5.8595549e-22   1.2630166e-21   1.2630166e-21   7.9607054e-22   1.0900753e-21   5.1337818e-20   1.8253312e-21   2.1084745e-23   1.1150801e-22   9.3953321e-22   1.6617248e-22   2.1402064e-22   6.8715149e-23   2.6552297e-23   9.9593878e-23   1.1941299e-22   3.4500422e-22   3.0777303e-22   4.2918131e-20   2.2415486e-22
   5.7775528e-25   5.3771364e-24   7.1884789e-25   8.8683980e-20   2.3586990e-21   2.0954212e-22   6.3241117e-21   4.5827885e-21   7.8737150e-24   7.1768319e-21   6.2540728e-20   2.2740164e-19   3.1027641e-21   1.7397237e-20   1.7397237e-20   1.9994584e-20   2.0185936e-20   1.2220371e-21   5.1682984e-20   3.0794925e-22   3.1855396e-21   9.5341887e-21   1.2702574e-20   4.2503996e-21   6.8346315e-21   2.8918755e-22   1.2300504e-23   5.7023425e-23   2.6314445e-21   5.0260404e-21   1.8301378e-22   9.4334877e-22
