   4.0527386e-03
   5.6325560e-03
   6.3469345e-04
   7.2472988e-03
   2.6577642e-04
   1.7694842e-03
   3.9049052e-03
   1.1115482e-03
   1.9698954e-03
   7.0946857e-03
   4.2006550e-03
   6.7068078e-03
   4.0877719e-03
   6.6369552e-03
   1.8624719e-03
   9.0482882e-04
   5.0558190e-03
   8.4032760e-04
   2.2307257e-03
   7.6883343e-04
   2.2365669e-03
   7.1278396e-03
   4.0141815e-03
   2.0689272e-03
   2.6753783e-03
   3.8390519e-03
   6.1861364e-03
   2.0061791e-03
   4.8331260e-03
   7.7811356e-03
   1.0567897e-04
   3.5839613e-03
   4.0693287e-03
   6.8537941e-03
   1.1816945e-03
   1.4466715e-03
   7.2642485e-03
   6.1260391e-03
   1.2470272e-03
   7.3179712e-03
   5.1084605e-04
   2.9726856e-03
   5.4063579e-03
   2.1776126e-04
   6.9322178e-03
   7.1604116e-03
   3.4256142e-03
   1.7827115e-03
   4.7588022e-03
   7.2291142e-03
   4.9655197e-03
   4.2824396e-04
   7.7511336e-03
   2.3094228e-03
   1.8756471e-03
   3.0144974e-03
   2.0398724e-03
   1.7553822e-03
   2.8760229e-03
   1.3617230e-03
   6.0007436e-03
   4.5599346e-03
   2.4602623e-03
   7.0647072e-03
   7.0158461e-03
   3.3966562e-03
   5.5181262e-04
   5.0386838e-03
   6.5491749e-03
   7.0601675e-03
   4.8445332e-03
   3.3201694e-03
   4.6065586e-05
   7.5785456e-03
   4.1460880e-03
   2.6620137e-03
   4.6239192e-03
   6.9629523e-03
   3.5425820e-03
   5.4234061e-03
   7.1472300e-03
   8.7047605e-04
   1.7455170e-03
   3.8138227e-03
   6.2363484e-03
   3.4457884e-03
   1.3247782e-03
   6.8989921e-03
   2.2456989e-04
   2.8030553e-03
   6.7515574e-03
   5.7436402e-03
   5.1248445e-03
   3.8757592e-03
   7.6906375e-04
   2.0539097e-03
   3.6257790e-03
   3.9988801e-03
   4.6598604e-03
   3.6765714e-03
   3.2317414e-03
   4.0091212e-03
   1.2249529e-03
   1.8933831e-03
   1.5285550e-03
   5.4684434e-03
   4.2774337e-03
   7.9208978e-04
   2.7149236e-03
   6.9046066e-03
   9.0337948e-04
   6.7943948e-03
   5.5856590e-03
   1.3100415e-03
   6.8968027e-03
   6.0354766e-04
   5.4925805e-03
   5.2303576e-03
   5.3755055e-03
   7.7228593e-03
   4.7134094e-04
   4.8562262e-03
   3.8027198e-03
   2.3805884e-03
   1.1406229e-03
   7.4646328e-03
   7.5035547e-03
   6.8266040e-03
   5.8598475e-03
   2.9677905e-03
   4.8268661e-03
   5.5498197e-03
   4.5536394e-04
   4.4142860e-03
   4.2580546e-03
   7.6085670e-03
   9.2407505e-04
   4.9572784e-03
   1.1519089e-03
   1.6745727e-03
   2.6950421e-04
   6.0474599e-03
   2.0129537e-03
   6.1380671e-03
   4.7631748e-03
   2.3109120e-04
   7.1070006e-03
   2.9218773e-03
   3.2340062e-03
   7.2229838e-03
   3.5655179e-03
   7.5600694e-03
   1.5428643e-03
   6.1355989e-03
   6.5487708e-03
   6.0289511e-03
   3.0193555e-03
   7.4084465e-03
   4.2215130e-03
   4.2735606e-03
   2.3188730e-03
   5.8522488e-03
   9.2371220e-04
   1.2916283e-03
   7.7454467e-03
   5.2607297e-04
   5.9247721e-03
   3.3798890e-03
   1.1054734e-03
   3.9114955e-04
   7.5453080e-03
   1.7839841e-03
   3.0240612e-03
   1.1561981e-03
   4.5407011e-03
   3.3811186e-03
   8.0497077e-04
   4.0128768e-05
   3.0808916e-03
   6.8825611e-03
   2.2886456e-03
   5.3708959e-03
   5.7667708e-03
   7.0590107e-03
   5.6315813e-03
   5.0300732e-03
   5.2918236e-03
   5.7179555e-03
   7.0203508e-03
   7.2948015e-03
   3.4458095e-03
   2.7430775e-03
   7.2721525e-03
   7.4526257e-03
   5.3623275e-04
   2.6699371e-03
   1.0752393e-04
   3.0944959e-03
   4.7270479e-03
   1.1414035e-03
   3.1734731e-03
   5.9004077e-04
   4.8101671e-03
   2.5970776e-03
   6.6504543e-04
   5.8681854e-03
   5.8336816e-03
   1.8080501e-03
   2.4578209e-03
   1.2643964e-03
   3.3052126e-04
   4.3263568e-03
   5.2469559e-03
   7.7149919e-03
   7.0207529e-03
   1.1604956e-03
   6.9086016e-04
   2.7546031e-03
   6.6455448e-03
   5.4940312e-03
   1.2741334e-03
   1.5459502e-03
   7.3243259e-03
   2.0498059e-03
   3.1839454e-04
   5.0687599e-03
   3.0211160e-03
   5.5040610e-03
   5.4074602e-04
   7.2734503e-03
   1.9916128e-03
   5.2537104e-03
   1.9719613e-03
   7.3782642e-03
   2.5494343e-03
   7.3181814e-03
   2.0426776e-03
   6.5800350e-03
   5.0828140e-03
   4.9571485e-03
   2.3292704e-03
   5.1031643e-03
   7.6499090e-03
   5.4787260e-03
   2.7647062e-03
   5.7832420e-03
   2.3054043e-03
   3.6728548e-03
   5.9253549e-03
   4.2241867e-03
   6.3128556e-03
   1.1779284e-03
   1.5687685e-03
   5.9710608e-03
   2.3219442e-03
   3.8853079e-03
