   1.3092555e-02
   8.3728581e-03
   8.9346085e-03
   3.3859987e-03
   1.2781736e-02
   8.5770418e-03
   9.3025407e-03
   6.8754654e-03
   1.1748356e-02
   1.1914961e-03
   9.6908946e-03
   1.4042472e-02
   7.3114174e-03
   1.0631137e-02
   4.9438801e-03
   9.8958033e-03
   4.5435971e-03
   1.3025669e-02
   1.2970390e-02
   1.5543028e-02
   7.2387124e-03
   7.4430772e-03
   9.7716201e-03
   1.3727151e-02
   5.0828653e-04
   3.0508176e-03
   1.5372095e-02
   1.5442598e-02
   7.3795680e-03
   1.3209272e-02
   1.5132370e-02
   1.0959236e-02
   6.0656646e-03
   6.6091879e-03
   7.1488798e-03
   1.1055873e-02
   7.5764600e-03
   1.5529625e-02
   5.7783843e-03
   5.5229883e-03
   1.4594455e-02
   8.8856687e-03
   1.2206580e-02
   2.0343743e-03
   7.3836477e-03
   1.2177430e-03
   1.0806481e-02
   1.1463188e-02
   1.4970622e-02
   1.0753230e-02
   1.1242498e-02
   1.3908010e-02
   7.6225863e-03
   7.4690755e-03
   1.3132242e-02
   1.3436282e-02
   3.1023943e-03
   4.1824220e-04
   9.2557244e-04
   2.3285633e-03
   2.7925824e-03
   1.0195636e-02
   4.8083220e-04
   7.6947642e-03
   1.1052510e-02
   1.8700269e-03
   3.8457170e-03
   4.7094117e-03
   2.8143725e-03
   5.2734960e-03
   1.3050883e-02
   4.8813321e-03
   1.2635717e-02
   9.0051888e-03
   9.0364820e-03
   1.1902974e-02
   1.2603121e-02
   1.4675699e-02
   2.2508809e-03
   1.2936304e-02
   3.0857330e-03
   4.7202162e-04
   2.0752646e-03
   2.1786879e-03
   2.0903136e-03
   1.5236316e-02
   4.4511904e-03
   1.5357186e-02
   1.0396109e-02
   1.4214398e-02
   5.9799896e-03
   3.8479649e-03
   3.0516011e-03
   8.8891713e-03
   4.1561018e-03
   4.9821719e-03
   2.5330252e-04
   9.5707676e-03
   1.5681036e-02
   1.3844867e-02
   1.2935537e-04
   1.0328909e-02
   5.8532113e-03
   1.8581450e-03
   8.8104640e-03
   6.7839201e-03
   8.4240508e-03
   1.4435826e-02
   2.4338085e-03
   7.0813146e-03
   9.6180114e-04
   6.2073601e-03
   1.1768120e-02
   1.5495872e-03
   1.0869198e-02
   4.8286610e-03
   9.7511851e-03
   2.4738205e-03
   7.1090188e-03
   2.0660734e-04
   3.7310125e-03
   4.2956048e-03
   8.3309760e-03
   3.5039476e-03
   5.6384741e-03
   1.2182687e-02
   6.7382739e-03
   9.0826490e-04
