   8.7288159e-04
   3.0994596e-05
   1.4359656e-03
   1.9470820e-03
   1.4638850e-03
   8.7704391e-04
   5.0571380e-04
   1.0228397e-03
   6.3698836e-04
   1.3437310e-03
   1.5715175e-03
   1.5904586e-03
   1.4901233e-03
   4.7371347e-05
   1.0004623e-04
   1.5856017e-03
   3.6213678e-04
   2.7094093e-04
   1.8529894e-03
   9.7178905e-05
   5.5102564e-04
   1.7733408e-03
   4.3599572e-04
   6.2124820e-04
   1.3762169e-03
   3.3346766e-04
   1.6247970e-03
   1.7981377e-03
   1.4052009e-03
   1.4316223e-03
   7.3548841e-04
   1.7132800e-03
   1.8316703e-03
   7.5305020e-04
   3.6361009e-04
   3.8642805e-04
   1.7437958e-03
   6.2844678e-04
   4.8833046e-04
   8.6492075e-04
   8.1895521e-04
   9.4365742e-04
   1.0971742e-03
   9.7820299e-04
   1.3943097e-04
   3.5900599e-04
   1.6407119e-03
   2.8558358e-04
   6.9301265e-04
   1.0211210e-03
   1.4695232e-03
   6.4627285e-04
   1.4293710e-04
   4.7661173e-04
   1.4750520e-03
   4.8325132e-04
   1.9533474e-03
   3.4775121e-04
   1.5397941e-03
   1.1347195e-03
   6.7454942e-04
   1.5665074e-03
   1.2000279e-03
   1.7255316e-03
   5.6514026e-04
   2.9976848e-04
   8.3855244e-04
   1.8857130e-03
   1.9362669e-03
   1.5543771e-03
   1.6761229e-06
   6.0698374e-04
   8.1565493e-04
   4.4629075e-04
   9.2150267e-04
   8.0044303e-04
   5.6537134e-04
   1.3771918e-03
   7.1410714e-04
   1.4736328e-03
   2.5782002e-04
   7.2407727e-04
   4.3898368e-04
   1.2595400e-03
   1.1052434e-03
   1.7338467e-03
   1.2318542e-03
   1.5163381e-03
   1.7231931e-03
   1.8557390e-03
   1.8987866e-03
   1.6595347e-03
   1.5317678e-03
   1.7577764e-03
   7.8827328e-04
   1.9219756e-03
   1.9673550e-03
   3.6286773e-04
   7.6353517e-04
   8.4673017e-04
   1.1081398e-03
   1.0498087e-03
   1.2517114e-03
   7.8276703e-04
   1.7131000e-03
   1.8692265e-04
   1.7832492e-03
   5.7993302e-04
   7.2818142e-04
   1.1333642e-03
   8.8846523e-04
   6.7818773e-04
   1.5433515e-04
   4.0346028e-04
   4.7758068e-04
   1.1044544e-03
   4.6186687e-04
   3.4161356e-04
   1.3676749e-03
   5.6427683e-04
   1.6914456e-03
   1.4814592e-03
   6.3507835e-05
   3.0095680e-04
   4.9511548e-04
   6.2116040e-04
   1.3536167e-03
   1.7339635e-03
   6.6135471e-04
   1.8195632e-03
   4.5837952e-04
   1.8563587e-03
   6.9862794e-04
   7.7125223e-04
   1.9131619e-03
   1.5173837e-03
   8.8530767e-04
   2.0228144e-04
   1.0882382e-04
   1.6487464e-03
   1.9038645e-04
   1.8095820e-03
   1.8792902e-03
   1.5395527e-03
   1.4278793e-03
   1.0634206e-03
   8.7985390e-04
   1.8385225e-03
   1.3543488e-04
   5.0668270e-05
   5.5707952e-05
   8.5608314e-04
   1.6691222e-03
   2.1147033e-04
   8.0782318e-04
   1.3325362e-03
   1.0889563e-03
   1.6261490e-05
   9.5812534e-04
   5.5624879e-04
   1.0891319e-03
   1.0392132e-03
   1.3232791e-03
   1.4168682e-03
   1.2378225e-03
   1.5854081e-03
   1.8936003e-03
   5.6057348e-04
   1.0101102e-03
   1.6216667e-03
   8.4956180e-04
   1.2451232e-04
   1.0173182e-03
   2.6540702e-04
   1.9119841e-03
   3.6645406e-04
   1.3961835e-04
   2.6266998e-04
   8.3794601e-04
   1.1649222e-03
   1.4900372e-03
   1.4370728e-03
   7.1510929e-04
   2.0022803e-03
   1.7810546e-03
   1.5874566e-03
   1.5907465e-03
   3.2943997e-05
   1.3235978e-03
   4.8987783e-04
   1.7119267e-03
   5.9475923e-04
   1.6383724e-03
   6.8799177e-04
   6.9724068e-04
   8.7244511e-04
   9.0722666e-04
   2.3760952e-04
   1.3899991e-03
   1.8839913e-03
   9.1648140e-04
   1.8284898e-03
   5.6970516e-04
   6.8234273e-04
   6.6109351e-04
   1.9858673e-03
   1.9456134e-03
   6.4858832e-04
   1.7332719e-04
   1.2963101e-03
   1.6212568e-03
   3.3545600e-04
   6.2389695e-04
   2.9505598e-04
   1.7283840e-03
   8.0698016e-04
   9.8027891e-04
   1.5936809e-03
   4.7226847e-04
   1.9969633e-03
   8.6779895e-04
   7.4958338e-04
   7.8110615e-05
   6.5510897e-04
   1.0676532e-03
   1.9067773e-03
   2.8890680e-04
   1.5349620e-03
   4.9598271e-04
   8.3027151e-04
   1.9193106e-03
   8.8030524e-04
   1.7213455e-03
   2.7888329e-04
   2.5540149e-04
   5.0310591e-04
   6.6823517e-04
   1.1679507e-03
   4.4856643e-04
   1.0552277e-03
   2.1568301e-04
   3.0986640e-04
   1.5368220e-03
   6.1160727e-04
   2.5670194e-04
   7.6594488e-04
   1.9150034e-03
   6.3994597e-04
   2.6354732e-04
   1.3174823e-03
   1.1489381e-03
   1.2077586e-03
   1.7156176e-03
   4.9262377e-04
   3.5809726e-04
   1.3880947e-03
   9.5140257e-04
   5.9525808e-04
   1.5267925e-03
   8.5454794e-04
   2.8939862e-04
   7.1944939e-04
   1.1859452e-03
   1.8663584e-03
   1.2384688e-03
   6.9986265e-05
   1.0445450e-03
   5.3771370e-04
   7.6165221e-04
   2.7291164e-04
   7.5821615e-04
   9.2167625e-05
   1.0490108e-03
   9.9576365e-04
   8.0342093e-04
   1.2342912e-03
   1.6332424e-03
   2.0026900e-04
   4.8735905e-04
   6.6064998e-04
   7.7947568e-04
   1.1629116e-03
   1.2781158e-03
   9.2816995e-04
   3.3142473e-04
   2.4827332e-04
   1.4871809e-03
   2.2640843e-04
   1.6769461e-03
   1.1461756e-03
   1.0933883e-03
   1.6450997e-03
   9.8301972e-04
   1.1517877e-04
   1.8433138e-03
   8.4959997e-04
   1.4682462e-03
   2.0030084e-03
   6.1612646e-04
   5.2082034e-04
   2.0764487e-04
   1.0183069e-03
   2.0273829e-04
   1.6146239e-03
   1.1712939e-03
   1.2936288e-03
   1.4618898e-04
   1.7278123e-03
   1.8348064e-03
   1.9761985e-03
   4.1233813e-04
   1.8575213e-03
   1.0416168e-03
   2.0159208e-04
   9.4134618e-04
   1.9673980e-04
   6.4304656e-04
   1.2058922e-03
   4.0507635e-04
   1.2721931e-03
   1.7990172e-03
   1.4827169e-03
   1.5704806e-03
   7.6863018e-04
   1.9973752e-03
   1.4270235e-03
   1.4800486e-03
   1.4889130e-03
   2.8876804e-04
   1.9162821e-03
   1.4887925e-03
   6.8761061e-05
   1.9371155e-03
   1.0887907e-03
   3.2677148e-06
   8.5411722e-04
   4.0434005e-04
   1.9608806e-03
   2.2238046e-04
   9.4505059e-04
   1.1693381e-03
   1.0276419e-03
   1.9851029e-03
   1.0531802e-03
   1.9997847e-03
   1.0748431e-03
   7.1184529e-04
   3.8906859e-04
   3.7826736e-04
   2.9624060e-04
   2.2091098e-04
   1.4583413e-03
   8.0641250e-04
   1.9099713e-04
   9.4544043e-04
   1.0434471e-03
   1.8348499e-03
   6.0387115e-04
   1.8227474e-03
   1.0827420e-03
   4.2865359e-04
   6.5171547e-04
   9.2445032e-04
   1.4265401e-03
   4.1126939e-04
   1.2312345e-03
   7.0346203e-04
   7.3416465e-04
   1.9875695e-03
   2.3108765e-04
   6.1851545e-04
   6.9525891e-04
   1.0899827e-03
   9.2988383e-04
   6.4174529e-04
   1.5724130e-03
   1.7761342e-03
   1.3560998e-03
   3.6459562e-04
   1.0026172e-04
   1.3113710e-03
   2.8304126e-04
   5.2621668e-04
   2.5163831e-04
   1.4423496e-03
   8.2835263e-04
   5.9452820e-04
   1.2558595e-03
   1.8621404e-03
   1.9470924e-04
   9.9931294e-04
   1.6681901e-03
   8.6707965e-04
   1.5160869e-03
   1.6408795e-03
   7.4269722e-04
   4.3897979e-04
   9.7567067e-04
   1.5248991e-03
   1.8642905e-03
   1.3401867e-03
   1.4618557e-03
   2.0790879e-04
   5.4617117e-04
   1.8117465e-03
   9.7205071e-04
   1.5957191e-03
   1.9698983e-03
   5.6675019e-05
   7.1078297e-04
   1.7193450e-03
   1.2850818e-03
   3.7050983e-04
   1.9974157e-03
   7.3262105e-04
   1.0547028e-03
   3.0992474e-04
   8.7149858e-04
   3.7885515e-04
   1.4773832e-04
   1.1149478e-03
   1.8834807e-03
   6.3910275e-04
   1.3027085e-03
   3.0817671e-04
   6.9217591e-04
   1.0286743e-03
   5.4844047e-04
   7.1653517e-04
   9.9880750e-04
   7.3431917e-04
   1.1515901e-03
   1.4336464e-03
   2.4899474e-04
   1.4386493e-03
   3.2016237e-04
   2.3642963e-04
   1.1258488e-03
   1.2059324e-03
   1.6289757e-03
   1.6807136e-03
   1.9741856e-04
   4.2296291e-05
   1.0628957e-03
   1.3652967e-04
   3.1261899e-04
   7.5853582e-04
   1.2056570e-03
   9.6777632e-04
   1.6279087e-03
   1.7927830e-03
   8.4000638e-04
   1.5187214e-04
   1.1185011e-03
   3.2777797e-04
   1.7676757e-03
   1.7181948e-03
   2.9849405e-04
   1.3358149e-03
   3.3606885e-04
   1.4230993e-03
   9.9621601e-04
   1.5434104e-03
   1.2360345e-03
   9.7238626e-04
   1.9318104e-03
   1.6942498e-03
   1.5946568e-03
   6.8562925e-06
   1.7702633e-03
   1.1894539e-04
   2.8155360e-04
   1.3197488e-04
   1.6317113e-03
   1.7523495e-03
   2.4605778e-05
   1.4564547e-03
   1.8926092e-03
   1.0381641e-03
   6.1100314e-04
   1.0171286e-03
   1.5106903e-03
   4.2840061e-04
   8.1271761e-04
   9.4207410e-04
   1.6597581e-03
   1.7956071e-03
   9.1784771e-04
   1.5668652e-03
   1.4612751e-04
   2.1136043e-04
   7.9760833e-04
   4.9644823e-04
   4.1298484e-04
   1.1192154e-03
   1.6579071e-03
   1.1981872e-03
   1.8102567e-03
   1.0377990e-03
   8.3731649e-04
   1.4403675e-03
   1.5135546e-04
   3.2168967e-04
   2.8683632e-05
   3.5199225e-04
   1.0283212e-03
   1.4837012e-03
   1.0076758e-03
   1.3541902e-03
   1.5500701e-04
   4.9292383e-04
   1.6233593e-03
   1.9939071e-03
   1.5956949e-03
   7.1974016e-04
   9.2346353e-04
   8.1311244e-04
   2.1177879e-04
   1.6260855e-03
   1.7036425e-03
   1.9687313e-04
   1.0842357e-03
   1.6276078e-03
   2.5643945e-05
   9.5457686e-04
   5.2055577e-04
   3.7472391e-04
   3.6833167e-04
   1.3461829e-03
   1.7546944e-03
   8.1791276e-04
   1.3439845e-04
   7.9228204e-04
   1.5466402e-03
   9.2520429e-04
   7.1403059e-04
   1.8688160e-03
   5.0582330e-04
   4.6070780e-04
   1.9357275e-04
   2.4985261e-04
   1.0793348e-03
   1.1319763e-03
   1.4412946e-03
   9.5408983e-04
   4.3333299e-04
   1.4855787e-03
   1.8342481e-03
   8.4458234e-04
   1.4399081e-03
   9.0777016e-04
   1.8105124e-03
   1.2386392e-04
   1.1711676e-03
   7.2077375e-04
   1.4880608e-03
   7.6704597e-04
   1.8680722e-03
   1.5396682e-03
   1.8955651e-03
   8.0207568e-04
   1.1991071e-03
   1.9891624e-03
   1.4315123e-03
   3.6489209e-04
   1.6116045e-03
   1.2884595e-03
   1.3573817e-03
   1.1884259e-03
   8.9607021e-04
   4.7216004e-04
   8.0329639e-04
   5.4041139e-04
   1.1866956e-03
   1.8563539e-03
   2.5439252e-04
   1.5014332e-03
   5.4854452e-04
   2.9813914e-04
   1.0812709e-03
   1.5461966e-03
   6.8162482e-04
   1.5050146e-03
   4.9085570e-04
   1.5778017e-03
   1.8554136e-03
   9.8029557e-04
   2.5131543e-04
   1.2011778e-03
   2.3969321e-04
   1.1625446e-03
   4.6813445e-04
   5.8990757e-04
   1.9812946e-03
   1.5321651e-04
   5.7982213e-04
   1.0646674e-05
   1.3003030e-03
   6.1245880e-04
   1.7522974e-03
   1.0142131e-03
   8.5376716e-04
   1.2094643e-03
   5.3591154e-04
   1.6331774e-03
   8.9181444e-04
   7.7762747e-04
   1.2409794e-03
   1.2133073e-03
   6.9711138e-04
   1.1517704e-03
   2.7323286e-04
   7.1915942e-04
   1.1910074e-03
   1.6135405e-03
   3.6451978e-04
   1.1476895e-03
   6.0954194e-04
   3.5352887e-04
   8.4987093e-04
   1.7664083e-03
   1.1885438e-03
   1.1738443e-03
   6.1388846e-04
   6.2771698e-04
   1.6823257e-03
   1.8846947e-03
   9.0840029e-04
   1.0794518e-03
   1.7488297e-03
   1.8518278e-03
   1.5968958e-03
   1.5322046e-03
   4.2835052e-04
   4.5134670e-04
   1.0570582e-03
   1.2963461e-03
   1.8099657e-04
   1.1013132e-03
   1.5395662e-04
   1.4322529e-03
   6.9257338e-04
   2.5421888e-04
   1.2795749e-03
   4.7746678e-04
   9.5671923e-04
   1.5612784e-03
   1.7740513e-04
   1.8104850e-03
   1.4285894e-03
   8.4594691e-04
   1.1077417e-05
   6.0850688e-04
   4.7384373e-04
   1.7709314e-03
   2.7730240e-04
   5.0890076e-04
   9.6809336e-04
   1.9056708e-03
   1.9957282e-03
   1.7360965e-03
   1.0273349e-04
   1.2401373e-03
   6.3794755e-04
   1.7121883e-03
   6.8632557e-04
   7.1640469e-04
   4.3252960e-04
   3.4398982e-04
   5.5945012e-05
   1.8191256e-03
   1.2336288e-04
   1.4314515e-03
   1.8080747e-03
   9.8143324e-04
   1.9328091e-03
   1.5534339e-03
   2.3628114e-04
   1.7303868e-04
   1.8993351e-03
   1.9594205e-04
   7.3032261e-04
   8.9429650e-05
   4.7916997e-04
   5.0538771e-04
   6.5345021e-04
   1.8136860e-03
   7.4981248e-04
   1.1870842e-04
   1.9548076e-03
   5.3067430e-04
   1.4278311e-03
   1.1788254e-03
   2.3965729e-04
   5.8045849e-04
   5.2234575e-04
   1.8924881e-03
   8.2847834e-04
   7.1543862e-04
   4.8926796e-04
   1.9687757e-03
   1.8915801e-03
   3.0355757e-04
   1.6978099e-03
   1.5679996e-03
   3.6713034e-04
   1.3143505e-03
   5.3720319e-04
   1.2561459e-03
   1.9598478e-03
   7.3390275e-04
   3.9773732e-04
   1.8622976e-03
   7.4225394e-06
   3.3698992e-04
   1.1060281e-03
   6.6269326e-04
   1.7435278e-04
   3.5803065e-04
   4.7449934e-04
   1.0226772e-03
   1.9493969e-03
   5.5711339e-04
   1.3461245e-03
   6.1214041e-04
   3.8465747e-05
   8.7478112e-04
   1.1337987e-03
   4.5282868e-04
   9.8542531e-04
   2.1153080e-04
   3.0351430e-04
   2.6344744e-04
   1.7700463e-03
   1.8319052e-03
   4.8687834e-05
   1.4842133e-03
   6.7244531e-04
   6.8341771e-04
   2.2105446e-04
   1.3300351e-04
   4.4410055e-04
   1.5525124e-03
   1.9913122e-03
   1.4798053e-03
   6.4887135e-04
   4.8366822e-04
   4.0818529e-04
   6.8880370e-04
   2.0025051e-03
   1.5777229e-03
   9.6622887e-04
   5.0930582e-04
   8.8715710e-04
   3.5522154e-05
   1.0883748e-03
   4.7114449e-04
   1.4958561e-03
   1.1512069e-03
   1.6480069e-03
   1.7571847e-03
   3.7706442e-04
   1.7354906e-03
   1.0501704e-03
   9.3834942e-04
   1.1354930e-03
   3.0869712e-04
   1.5183383e-03
   1.1940534e-03
   1.2075578e-03
   1.0539400e-03
   1.8463242e-03
   6.1379270e-04
   3.1152498e-04
   1.4706887e-03
   1.7360002e-03
   7.3597578e-05
   3.0508221e-04
   1.1281907e-04
   1.5209346e-03
   1.7458962e-03
   1.5573221e-03
   7.9528009e-04
   1.8463369e-03
   4.0899920e-04
   4.7778072e-04
   7.3089210e-04
   9.1152025e-04
   1.0875828e-04
   1.3391003e-03
   8.2044011e-04
   1.7436285e-03
   1.3928291e-03
   1.0468533e-03
   1.6388951e-03
   1.3031070e-03
   5.5758370e-04
   1.2058028e-03
   1.3164389e-03
   1.0737336e-03
   9.2634593e-04
   1.1307473e-03
   1.5149079e-03
   1.0241798e-03
   9.3061598e-04
   7.4039543e-04
   4.0053692e-04
   1.5457121e-03
   2.1597797e-04
   4.5603356e-04
   8.4154127e-04
   1.2248754e-03
   8.6675062e-04
   1.6303340e-03
   1.9788532e-03
   1.1080173e-03
   1.5004078e-03
   3.9856026e-04
   1.7836564e-03
   4.7852368e-04
   1.2410897e-04
   1.7525553e-03
   1.5230391e-03
   1.9884345e-03
   3.1105253e-04
   1.3963846e-03
   1.1746496e-03
   9.1921363e-04
   1.7863285e-03
   3.6545573e-04
   4.8354415e-04
   1.1817484e-03
   1.6339197e-03
   1.2806630e-04
   5.8014029e-04
   1.3781713e-03
   1.0565464e-03
   6.8857129e-04
   2.0041263e-03
   1.0432999e-03
   1.2906928e-03
   9.0323096e-04
   1.1474581e-03
   7.3034041e-04
   5.1182810e-04
   6.9911179e-04
   1.4323092e-03
   8.8393560e-04
   1.4902923e-03
   1.5814806e-03
   1.3337704e-03
   9.4287388e-04
   3.3232296e-04
   2.7904053e-04
   4.7557613e-04
   1.5405112e-04
   3.5615131e-04
   1.9872356e-04
   1.6681233e-03
   3.2478713e-04
   1.7554832e-03
   1.2383660e-03
   1.4731636e-03
   1.5033553e-03
   1.1570997e-03
   8.9381235e-05
   1.8868898e-03
   7.3683395e-04
   7.8381838e-04
   1.3370536e-03
   2.9795199e-04
   7.2193094e-04
   8.4946895e-04
   4.2869982e-05
   7.4311998e-04
   3.8120178e-04
   1.5860580e-03
   5.8914040e-04
   1.4271859e-03
   6.6746773e-04
   1.0852174e-03
   2.8281450e-04
   1.0708534e-03
   1.3637465e-04
   1.8759867e-03
   1.0465468e-03
   9.6866469e-04
   1.0038193e-03
   1.5462329e-03
   9.3340792e-04
   5.4384387e-04
   4.7225431e-04
   1.9399947e-03
   8.0952217e-05
   8.0768270e-05
   8.8815637e-04
   1.0972298e-03
   9.8012982e-04
   1.9203275e-03
   7.5736999e-04
   1.1228870e-03
   8.1062163e-04
   5.3215362e-04
   1.9241958e-03
   1.1496704e-04
   8.4601458e-04
   9.7266829e-04
   4.7768158e-04
   1.5252554e-03
   1.8363603e-03
   1.4516492e-05
   5.1203096e-04
   1.9802184e-03
   1.2364614e-03
   1.2227873e-03
   7.2160154e-04
   1.6201586e-03
   1.6975815e-03
   1.6516653e-03
   1.3314819e-03
   4.8788651e-04
   1.2371428e-03
   2.4765122e-04
   1.1781227e-03
   7.3330575e-04
   6.5707561e-06
   1.8714246e-03
   1.8220722e-04
   1.3716629e-03
   5.0825211e-04
   1.4430398e-03
   1.6521261e-03
   2.9733648e-04
   9.5115087e-04
   9.0581478e-04
   1.3691706e-03
   5.6146822e-04
   9.4895692e-04
   1.4845719e-03
   2.7192158e-04
   4.8535852e-04
   1.9115092e-03
   5.8840367e-05
   1.0060966e-03
   7.1703084e-04
   7.7947112e-04
   1.4923861e-03
   2.3743281e-04
   1.6460500e-03
   1.1785990e-03
   1.6140566e-03
   1.7408694e-03
   8.3571640e-04
   1.7040620e-03
   8.0947855e-04
   2.0029957e-03
   6.4314150e-05
   7.1021384e-05
   1.3642062e-03
   4.7974767e-04
   3.2690469e-04
   1.1850410e-03
   3.8280552e-05
   9.6627960e-04
   2.8606619e-05
   1.7158172e-03
   6.5566569e-04
   1.0443649e-03
   1.8763530e-04
   5.0425476e-04
   8.8043067e-04
   4.4864621e-04
   4.6244757e-04
   5.5347537e-04
   6.2459245e-04
   7.8930128e-04
   1.4999714e-03
   1.7640865e-03
   1.6677854e-03
   1.3020453e-03
   2.6107773e-04
   2.9480244e-04
   7.6281334e-04
   2.4397862e-04
   1.7223616e-03
   7.5516602e-04
   2.5925633e-04
   1.3699731e-03
   1.3485847e-04
   1.8679241e-03
   1.7161386e-03
   1.0230230e-03
   1.3575180e-03
   1.8582417e-03
   2.0756548e-04
   1.3368430e-03
   2.1298797e-04
   6.8726161e-05
   3.5753723e-04
   1.9156597e-03
   1.0982437e-03
   1.5058302e-03
   9.3021311e-04
   1.7713467e-03
   8.9029569e-04
   1.7437762e-03
   6.9254665e-05
   1.9940147e-03
   1.5728433e-03
   1.1259082e-03
   1.7983205e-03
   2.2521384e-04
   7.2559861e-04
   1.4128798e-03
   7.6303062e-04
   1.2064748e-03
   7.6473823e-05
   1.8076003e-03
   9.5700371e-04
   5.2514756e-04
   7.9978457e-04
   5.5185315e-04
   2.0805366e-04
   2.0589432e-04
