   1.1927539e-02
   2.7560475e-02
   2.2422856e-02
   1.3417525e-02
   2.4711692e-02
   3.8001204e-03
   1.0775008e-02
   2.5620884e-02
   2.5348407e-02
   1.9714535e-02
   1.7083349e-02
   9.4843156e-03
   2.5860448e-02
   3.4472418e-03
   2.0184522e-02
   1.7860799e-02
   2.3018220e-02
   1.1003692e-02
   2.0715996e-02
   2.3075369e-02
   8.9088962e-03
   1.5257816e-02
   2.7051259e-02
   1.5176229e-02
   9.1289028e-03
   1.7114684e-02
   9.9636228e-03
   2.0900753e-02
   1.1435199e-02
   1.3602450e-02
   1.9194281e-02
   2.6874572e-02
   9.0551737e-03
   2.3146723e-02
   2.0418997e-02
   2.6361814e-02
   8.8195448e-04
   9.8595324e-03
   1.8307719e-02
   7.7772904e-03
   6.3649950e-03
   1.9646972e-02
   1.7255624e-02
   1.6317263e-02
   1.8246499e-02
   1.3138347e-03
   9.6361837e-03
   1.2469582e-02
   6.6556936e-03
   1.9755176e-02
   2.3654499e-02
   7.7774599e-03
   2.0197382e-02
   3.8060962e-03
   2.3116874e-02
   3.8292711e-03
   1.6250976e-02
   1.0116135e-02
   2.2289053e-02
   1.3918394e-02
   1.3526452e-02
   2.4230994e-02
   9.7565585e-03
   1.2417171e-02
