   5.9844838e-02
   8.3596733e-03
   1.6261073e-02
   2.4056288e-02
   6.3190349e-02
   2.1680642e-02
   5.7201338e-02
   1.5101144e-02
   1.3989580e-02
   6.3021248e-02
   6.0479522e-02
   4.0583367e-02
   3.2057019e-02
   2.2772276e-02
   4.8864861e-02
   4.9876607e-02
   1.8388636e-03
   3.3346693e-03
   2.0565789e-02
   5.0851023e-02
   4.0075484e-02
   6.2494813e-02
   1.0062893e-02
   3.9213632e-02
   1.9630923e-02
   5.4100306e-03
   5.5756441e-02
   3.7561929e-02
   1.9275203e-02
   1.0687357e-02
   2.1612317e-02
   4.2888099e-03
