   3.8925796e-02   3.4357327e-02   6.3345863e-03   4.3516126e-02   3.7096804e-02   3.9739604e-02   2.1139242e-02   2.1988783e-02   6.7100454e-03   2.5388641e-02   3.4572424e-03   1.2189943e-02   5.7585724e-02   2.3608030e-03   4.6440129e-02   5.5953323e-02   4.1418035e-02   3.0248256e-02   1.0695867e-02   5.9900513e-02   4.8414410e-02   2.5186475e-02   4.7476606e-02   3.8664459e-02   5.7930343e-02   4.9554604e-02   1.5774647e-02   4.8124110e-02   3.2646906e-02   6.5668619e-03   6.6512099e-03   2.7562578e-02
   3.7463786e-02   3.3799571e-02   4.4308085e-02   3.2491427e-02   3.4430810e-02   2.1807565e-02   2.6154522e-02   5.3210685e-02   2.4151100e-02   2.7423217e-02   3.1309552e-02   4.7223819e-02   2.0681475e-02   8.3167894e-03   1.1941577e-02   4.8582949e-02   2.9182712e-02   4.3403629e-02   4.0080949e-02   2.7041048e-02   3.7350571e-02   3.5477819e-02   3.7199259e-02   4.7554608e-02   5.0679125e-02   5.1075185e-02   9.1851926e-03   3.7696326e-02   2.4608325e-03   1.4170011e-02   1.6999042e-02   1.7146759e-02
   1.7967759e-02   4.1979063e-03   2.3958167e-02   3.9927017e-02   3.8768992e-02   2.6479162e-02   3.7457283e-04   1.8539535e-02   1.7434906e-03   4.4831684e-02   5.9587509e-02   5.5527660e-02   3.9905311e-02   2.8757319e-02   4.8622000e-03   8.5453885e-03   2.8338801e-02   8.4886027e-03   2.3803840e-03   5.6852976e-02   2.5269940e-02   5.0726089e-02   5.5771427e-02   4.4301716e-02   3.8229485e-02   3.5627627e-02   5.5676044e-02   3.1832130e-02   5.0489377e-02   2.0137279e-02   4.8726921e-02   3.3177529e-02
   3.6794812e-02   8.7229931e-03   4.0061570e-02   1.6364192e-02   1.1727259e-02   4.2896107e-02   1.0480454e-02   5.7847297e-02   4.1288889e-02   5.0853785e-02   2.2189519e-02   1.1682815e-02   5.7209418e-02   5.4337926e-02   2.8590344e-02   5.7445289e-02   1.9795669e-02   3.7175314e-02   4.9005871e-02   4.8771479e-02   4.0307829e-02   6.1960632e-03   5.0668539e-02   6.3108057e-03   1.1577356e-03   3.6257636e-02   3.1497806e-02   1.1545263e-02   1.0069373e-02   2.2931873e-02   3.1395511e-02   4.8420566e-02
   1.3726639e-02   4.5240082e-02   3.9197497e-02   2.9310617e-02   5.5440152e-02   1.7982096e-02   2.0991141e-02   2.8390548e-02   7.7165273e-03   2.7277856e-02   3.8635799e-02   3.4818988e-03   2.9491372e-02   1.9598566e-02   5.0387995e-02   1.8038259e-05   2.9802892e-02   6.4353425e-02   2.8103921e-02   9.2000961e-03   4.3801786e-02   4.0681351e-02   1.2315724e-02   6.7175068e-02   1.2747242e-02   5.1083601e-02   4.6563407e-02   3.4092270e-02   7.9574172e-03   1.0113925e-02   5.9917256e-02   5.5203798e-02
   4.0553327e-02   1.3480755e-02   1.9276826e-04   4.9356488e-02   1.2137827e-02   1.7616309e-03   4.5969051e-02   6.3807719e-04   1.2327349e-02   5.9670821e-03   5.7257524e-02   3.3865550e-02   3.7367302e-02   4.8418121e-02   3.7912153e-02   2.7095245e-02   4.7230758e-02   3.9299004e-02   5.1251382e-02   1.4681760e-02   3.2426612e-02   3.5960820e-02   5.8613523e-02   4.5613880e-02   1.6511800e-03   2.3009898e-02   4.1235196e-02   3.4550357e-02   1.6768287e-02   1.9559844e-02   6.0542930e-02   5.3304318e-02
   4.7008862e-02   8.0191878e-03   4.3844752e-02   6.2757245e-02   2.7685617e-02   6.3810863e-02   3.9101967e-02   2.0871831e-02   3.5687032e-02   1.7864440e-02   1.7493198e-02   6.4068313e-04   6.5266127e-02   1.1469717e-02   6.0622392e-02   7.5174173e-04   6.7075396e-02   3.2156104e-03   6.5363803e-02   8.5975144e-03   1.2875825e-02   3.5124441e-02   1.3437314e-02   9.3280208e-04   6.2938039e-02   3.0511218e-02   5.4834541e-03   5.5754449e-02   2.1162443e-02   1.8930268e-02   2.1988135e-02   5.3713634e-02
   3.0854019e-02   2.8953877e-03   2.1283761e-02   3.1527823e-02   1.5819878e-02   6.6863449e-02   4.7065440e-02   1.0417575e-02   4.2108562e-02   5.3155817e-02   5.5876216e-02   5.5600259e-02   2.4475587e-02   4.9084855e-02   1.6966700e-02   1.5740819e-02   1.7788184e-02   4.6873405e-02   2.8357312e-02   3.5850477e-02   3.4359434e-02   3.0513009e-02   1.4610855e-02   4.5583048e-02   3.2517735e-02   3.4189589e-02   1.5107064e-02   1.3616661e-02   4.0681094e-02   5.5047182e-02   1.4740814e-02   4.2798842e-04
   9.6485960e-03   1.0132008e-02   1.6274906e-02   1.8745485e-02   1.6658722e-02   4.7703658e-02   4.9244722e-02   6.0836936e-02   2.2863770e-02   5.7335015e-02   1.0717544e-02   5.5602081e-02   4.0663580e-02   1.5093029e-02   1.3469631e-02   4.3266782e-02   4.8473771e-02   1.5734866e-02   3.2989270e-03   3.4697852e-03   4.5797123e-02   5.9161272e-02   5.2153471e-04   2.9712320e-02   4.8640144e-02   5.6836248e-02   1.7392118e-02   3.2297583e-02   4.1460339e-02   2.0935572e-02   3.1714816e-02   5.6297116e-02
   2.6201401e-02   3.1749979e-02   2.8603114e-02   2.7293847e-02   5.3848821e-04   6.1461770e-02   5.2925456e-02   2.7968930e-02   3.7672995e-02   3.5300312e-02   5.4655935e-02   4.3813144e-02   1.9552635e-02   5.0839711e-03   1.4648243e-02   4.3121599e-02   8.3619483e-03   4.2918909e-02   4.8890848e-02   2.9107952e-02   2.6079714e-02   1.1324937e-02   1.8674970e-02   2.1567094e-03   2.8378683e-02   2.8003009e-02   5.6763146e-02   5.0181359e-02   6.1352491e-02   5.4168910e-02   2.1928779e-02   1.1158172e-03
   3.4741862e-02   5.0549929e-02   3.6321807e-02   1.7885767e-02   5.4106146e-02   2.8417706e-02   6.8615305e-03   3.1778810e-02   4.9332948e-02   5.4673898e-02   1.6298787e-02   1.4182848e-02   5.1625186e-02   4.9712979e-02   4.7219531e-02   1.5452939e-02   2.0712741e-03   2.1168441e-02   3.6724920e-02   5.7277333e-02   4.2985019e-02   3.2604952e-02   1.5997916e-02   6.6702733e-03   2.8805678e-02   3.7153783e-02   1.3353505e-02   2.0697760e-02   5.7893592e-02   1.5622474e-02   5.0095827e-02   1.7145807e-03
   1.9151039e-02   4.5526701e-02   4.7641409e-02   1.6339651e-02   3.0908379e-02   7.6039760e-03   3.9050736e-02   1.5586209e-02   4.1705479e-02   3.5484982e-02   5.0470862e-02   3.5008671e-02   1.7559527e-02   4.0790886e-02   4.1733009e-02   1.9403081e-02   2.6970827e-02   3.2195570e-02   3.0231051e-02   4.0533564e-02   4.0785870e-02   3.7221425e-02   3.4843313e-02   4.5526128e-03   2.5293416e-02   2.7292695e-02   1.4771561e-02   3.2544378e-02   4.5008348e-02   4.6071589e-02   1.5448896e-02   4.2270283e-02
   4.3951923e-02   7.1399384e-03   2.9689884e-02   7.3408004e-03   2.4555803e-02   2.4568589e-02   3.9836905e-02   4.6693197e-02   2.0786042e-02   5.2270233e-02   4.2681462e-02   4.9675006e-02   1.5627130e-02   5.0691397e-02   4.6479642e-02   4.9327900e-03   2.9785803e-02   1.1753010e-02   3.0034950e-02   4.6077324e-02   5.0565233e-02   1.5941078e-03   2.0980686e-02   3.2158585e-02   4.7181583e-02   2.9298914e-02   3.5780965e-02   3.7957962e-02   1.4552762e-02   3.2231826e-02   4.4639311e-02   2.8486238e-02
   8.3620895e-03   4.4249296e-03   1.6906224e-03   1.1351712e-02   3.5683272e-02   5.0614238e-02   4.7856408e-02   7.0245413e-03   3.8978006e-02   5.1960924e-02   1.2890584e-02   6.1036537e-02   6.1825822e-02   6.7140422e-02   4.8461826e-02   2.8353710e-03   1.5736744e-02   6.1717126e-02   2.1074146e-02   3.3821224e-02   2.0986602e-02   4.3776700e-02   1.2705030e-02   1.5912803e-02   5.9590414e-02   2.8103775e-03   4.4200486e-02   1.3803044e-02   6.5024639e-02   1.2247384e-03   3.9723181e-02   3.5755442e-02
   1.4350265e-02   3.8417615e-02   4.5335951e-02   2.8219828e-02   1.9242494e-02   3.8471700e-02   3.4571169e-02   4.7051159e-02   1.4269884e-02   1.0604465e-02   5.5906288e-02   3.4634456e-02   2.8159109e-02   3.0549367e-02   3.7768335e-02   4.3378618e-02   8.2704571e-03   2.1340871e-02   4.2684806e-02   1.6434499e-02   1.9556073e-02   4.7885186e-02   2.2442089e-02   8.1132901e-03   3.6172667e-02   4.5830807e-02   4.0201932e-02   3.6778631e-02   2.3485647e-02   4.0078220e-02   4.1100532e-02   2.8693591e-02
   7.3226751e-02   3.7660157e-02   2.1328122e-02   6.7621356e-03   2.5958655e-02   6.8257430e-02   2.9886073e-03   3.3362244e-02   5.6805473e-02   4.0359519e-02   1.9816023e-02   6.1884412e-02   1.6177519e-02   7.0756690e-02   3.4330812e-02   2.5372561e-02   5.2880898e-02   6.1555351e-03   2.6293070e-02   1.4293731e-02   3.0227158e-02   3.0859956e-02   1.2073714e-02   4.1406303e-02   2.2826891e-02   5.2444775e-02   6.5377412e-02   6.9521107e-06   1.6918187e-02   1.2302485e-03   2.6829062e-02   5.1289944e-03
   3.7042104e-02   2.8008382e-02   4.6523177e-02   5.2398708e-02   5.5872717e-02   4.2867580e-02   1.1032783e-02   5.2031557e-02   1.9410065e-02   3.6190909e-02   4.4014996e-02   4.7272614e-02   1.4596876e-03   2.6947263e-02   3.1817457e-02   2.9501123e-02   2.0017327e-02   1.7486196e-03   4.9940316e-02   5.4342382e-02   1.4798511e-03   2.4725080e-02   4.7054215e-02   5.2594456e-02   1.6489994e-02   1.1325492e-02   4.1117560e-02   2.9012389e-02   3.5567781e-02   3.8663802e-02   5.2429966e-04   1.3005314e-02
   5.0403791e-02   2.0986236e-02   4.6095458e-02   9.9397767e-03   3.1713087e-02   4.1316939e-02   2.2137562e-02   3.5347896e-02   5.2642164e-03   5.8172118e-02   5.4278158e-02   3.7498774e-02   1.1394676e-02   5.9559247e-02   6.6296620e-02   6.3724353e-02   3.4173686e-02   4.1968019e-02   2.2336672e-02   5.0628099e-02   4.2412910e-02   5.6824971e-03   1.0025187e-02   4.1298698e-02   1.6435057e-02   9.7648813e-04   1.3010397e-03   3.8147334e-02   9.9541108e-04   5.8771327e-02   1.2883374e-02   7.8352912e-03
   4.5779485e-02   1.8264231e-02   3.4095150e-02   9.0603414e-03   4.2166306e-02   1.5515642e-02   3.6293115e-02   4.9165619e-02   1.7063367e-02   3.3881508e-02   2.8113449e-02   3.9244209e-05   1.7069555e-02   1.3465107e-03   5.4048154e-02   3.7769212e-02   3.9221778e-02   5.2900996e-02   4.4941424e-02   5.3655098e-02   3.1912968e-02   3.2823434e-02   3.8365834e-02   3.8949947e-02   3.9766105e-02   4.3086860e-02   3.2957183e-02   3.9727830e-04   2.4446212e-03   2.4378925e-02   2.8646121e-02   5.5880536e-02
   2.9031495e-03   5.4500019e-02   2.3197401e-02   4.3027051e-02   4.0163586e-02   2.0165658e-02   1.3033221e-02   2.1150773e-02   1.8008929e-02   5.9929514e-02   5.4896993e-02   1.5063777e-02   5.7637665e-02   7.7169680e-03   2.0192031e-02   2.8363326e-02   3.5687416e-02   1.9179908e-02   4.8246255e-02   4.0241989e-02   2.1912166e-02   5.2256754e-02   4.4967395e-02   1.4053675e-02   4.6437466e-02   3.4021952e-02   5.5205953e-02   5.3503130e-02   1.0806595e-02   3.7848588e-02   1.4532821e-03   4.2274167e-03
   3.2237218e-02   3.5006703e-02   5.0943583e-03   5.2462600e-02   6.1844966e-02   6.4964572e-02   5.9785473e-03   3.1105657e-02   1.8050888e-03   1.0041458e-02   7.8499077e-03   3.3577319e-02   6.0917238e-02   5.7573314e-02   1.2084282e-02   5.0478636e-02   3.9342279e-02   5.7925803e-02   3.9052796e-03   1.4462867e-02   3.2761892e-02   1.6083823e-02   1.1574677e-03   1.6078909e-02   6.3948583e-02   5.0854999e-02   7.1265463e-03   6.4767909e-02   1.5583059e-02   4.5555598e-02   4.2757210e-02   4.6659103e-03
   4.7108401e-02   4.8611395e-02   6.4841967e-02   2.3279858e-02   1.7697145e-02   2.5056877e-02   6.3672906e-02   3.8825108e-02   1.1435680e-02   1.9049525e-02   8.8195392e-03   2.7963713e-02   4.3716766e-02   2.5390234e-02   2.7082325e-02   4.3221939e-02   5.0414168e-02   1.8761076e-02   2.6135988e-02   1.8820396e-02   3.0012190e-02   6.1433419e-03   9.2365350e-03   2.4263151e-03   5.2348557e-02   4.1215790e-02   3.6009452e-02   5.0334054e-02   4.6710263e-02   1.4766563e-02   1.7933546e-02   4.2958387e-02
   8.8829612e-03   1.1835088e-02   4.2231429e-02   5.7789907e-03   1.8138193e-02   5.1330179e-03   1.3208996e-02   5.8233205e-02   5.5000631e-02   3.0465900e-02   5.4834399e-02   5.5915110e-02   5.3710356e-02   2.5147335e-02   3.5423301e-02   1.4703192e-02   4.3774841e-02   7.9444785e-03   6.1662202e-02   3.7186632e-03   2.0088226e-02   1.2007508e-02   1.9584630e-03   4.2379713e-02   1.6212403e-02   4.6913396e-02   5.9465238e-02   5.0350808e-02   2.8293023e-02   5.0128424e-02   4.4480044e-02   2.1980464e-02
   4.4270339e-02   5.9433776e-03   1.6038920e-02   5.7725012e-04   5.0198073e-02   6.0579043e-02   6.8814258e-02   9.3072688e-03   4.5907382e-02   9.0689943e-03   1.3049984e-03   4.7339394e-03   2.9454032e-02   4.2121136e-02   2.0822406e-03   5.6331246e-02   2.2360176e-02   3.5978624e-02   2.9000637e-02   3.0840316e-03   1.5793226e-02   4.6739408e-02   5.6597603e-02   3.5500868e-02   5.6024019e-02   6.2100700e-02   1.3958973e-02   2.6148950e-02   5.9172897e-02   2.0130599e-02   6.1682618e-02   8.9941731e-03
   1.8147211e-02   1.5220800e-02   6.7825623e-03   2.7406738e-02   1.3574533e-02   3.2008729e-02   4.4874516e-02   3.1001512e-03   6.2972699e-02   1.6771652e-02   5.3546719e-02   2.4989969e-02   5.1738815e-02   1.7560615e-03   6.3720300e-02   3.6964788e-02   6.1179198e-02   2.8489897e-02   2.4300114e-02   2.0553183e-02   8.5236871e-03   5.3847632e-02   3.4661736e-03   3.5716080e-02   4.6296225e-02   4.8957673e-02   3.8621529e-02   1.1197986e-02   2.8657393e-02   6.7960153e-02   1.8145783e-03   4.6842254e-02
   5.4121460e-02   3.6012298e-02   1.5526842e-02   5.0792549e-02   5.3717538e-02   1.1087590e-02   1.5977862e-02   2.5839917e-02   1.7457354e-02   1.1666913e-02   5.2619256e-02   1.1408540e-02   3.1010469e-02   2.4978586e-02   5.7629288e-02   2.7965592e-02   4.2578343e-02   6.3054211e-02   4.1003021e-02   1.0983773e-02   8.6317625e-03   4.0657540e-02   4.2923695e-02   5.5521108e-02   1.4916210e-02   7.7753585e-03   8.1661095e-03   2.2696989e-02   5.3965528e-02   1.9231480e-02   2.1984763e-02   4.8098051e-02
   4.5471388e-02   3.5962097e-02   4.9052858e-02   2.4309104e-02   9.2209545e-03   2.3350147e-04   2.8149979e-02   3.2375523e-02   4.8692972e-02   3.6522704e-02   6.3163493e-03   1.3371522e-02   4.4596665e-02   3.0840387e-03   2.7021304e-02   3.8534559e-02   3.1905985e-02   1.5859711e-02   4.6631965e-02   3.6799063e-02   5.1441658e-02   2.5446069e-02   2.4784452e-02   5.2473806e-02   2.0710761e-02   3.8790104e-02   4.0691832e-02   3.5059783e-02   4.0675059e-02   2.9147007e-02   2.2902557e-02   4.3764669e-02
   2.7170470e-02   5.6324027e-02   1.3034223e-02   5.9744301e-03   5.7166748e-02   3.9129828e-02   4.2748034e-02   5.5152594e-02   1.2521030e-02   1.9537114e-02   2.9298421e-02   4.3646881e-02   2.6230018e-02   4.1353117e-02   1.2550811e-02   3.3298835e-02   1.1441215e-03   3.5522414e-02   4.7272899e-02   5.4117440e-02   2.9530898e-02   1.8852113e-02   4.8155192e-02   4.5558012e-02   2.7178220e-02   2.6819935e-02   1.8870485e-02   5.5887666e-02   3.5013783e-02   2.0008631e-02   4.7982193e-03   1.6133389e-02
   2.6780815e-02   2.7302852e-03   3.2531288e-02   5.4668365e-02   4.9018359e-02   2.5080102e-02   1.7629767e-02   1.9930036e-02   6.5410103e-02   5.3634224e-02   2.3571236e-02   1.9552099e-02   5.8341458e-02   3.5303823e-02   4.8953848e-02   1.7299704e-02   5.6779501e-02   3.8761375e-02   3.6526238e-02   2.3879161e-02   5.0759537e-02   4.3517720e-02   2.4316843e-02   1.6734973e-02   3.3958445e-02   4.3484864e-02   1.2698074e-02   6.3309894e-03   1.0893468e-02   1.6098252e-02   5.3834393e-03   2.9441609e-02
   6.7250700e-02   1.1445718e-02   6.3588327e-02   4.6120035e-02   9.3888760e-03   2.6303097e-02   8.0207486e-03   3.8118195e-02   2.8978933e-02   3.8186353e-02   5.4123300e-02   1.6598868e-02   6.2224224e-04   5.3212277e-03   4.8935761e-02   5.2592716e-03   7.9726223e-03   4.3070870e-02   5.1869905e-02   7.0047454e-03   2.1745746e-02   3.9306247e-02   1.7717768e-03   4.7295843e-02   3.7805732e-02   4.5381585e-02   6.8565495e-02   5.1667601e-02   3.6985281e-02   3.8132174e-02   5.0617483e-03   2.8100977e-02
   5.2731669e-04   2.8249108e-02   1.2494612e-02   2.9167317e-02   5.5005292e-02   2.8456669e-02   3.5441328e-02   5.0400906e-02   1.4801797e-02   1.4865716e-02   1.8394582e-02   9.0048675e-03   6.4221620e-02   2.6194622e-02   2.9707841e-02   3.7983863e-02   5.4188229e-02   3.6166363e-02   4.7695353e-02   5.1130821e-02   4.9681768e-04   4.2795452e-02   1.4094023e-02   4.8958135e-02   2.2254105e-02   4.3739966e-02   4.5961329e-02   3.5635024e-03   2.9831874e-02   6.9433023e-03   5.8051759e-02   3.9211512e-02
   2.5610829e-02   2.0933251e-02   2.8795732e-02   3.4283448e-02   5.9887315e-02   3.3175392e-02   1.4070560e-02   2.1044577e-02   5.2603172e-02   4.4143695e-02   5.2990544e-02   1.4188094e-02   1.7689365e-02   2.7653209e-02   1.0965374e-02   4.3338909e-02   2.1693603e-02   1.7988793e-02   2.8590493e-02   3.0109884e-02   3.9570909e-02   8.0268425e-03   4.5696164e-02   3.7679089e-02   1.8732530e-02   3.7813210e-03   5.3071103e-02   4.8668607e-02   2.4396307e-02   8.8160648e-03   6.2305167e-02   4.9499656e-02
