   3.7246630e-03
   2.4521994e-03
   3.3056003e-03
   2.1198717e-03
   3.0378467e-03
   6.4086411e-04
   7.6817003e-04
   2.4980830e-03
   1.2316151e-03
   3.7110470e-04
   2.6899341e-03
   1.9979278e-03
   2.0144317e-04
   9.8272574e-04
   1.9439137e-03
   2.6982751e-03
   1.6212525e-03
   1.8984574e-03
   8.8434893e-04
   2.4941714e-03
   2.6642352e-03
   4.3322411e-04
   2.5911685e-03
   2.8472911e-03
   2.8629932e-03
   2.6039350e-03
   1.6320967e-03
   3.3559936e-03
   1.4202029e-03
   2.4768870e-03
   1.8901971e-03
   2.0754138e-03
   3.5589530e-03
   3.4108676e-03
   2.0768061e-03
   2.4902652e-03
   3.4444220e-03
   2.6775536e-03
   4.3761153e-04
   2.6838490e-03
   1.5477978e-03
   9.4990622e-04
   5.6302475e-04
   1.5450161e-03
   2.3815059e-03
   8.1711191e-04
   1.1921415e-06
   3.4558316e-03
   2.7269866e-03
   1.3947328e-03
   7.2510016e-04
   1.9589221e-03
   1.2350789e-03
   3.1095467e-03
   1.9445564e-03
   3.4038958e-03
   2.4666526e-03
   2.4229482e-03
   2.1269696e-03
   3.6845273e-03
   7.0041291e-04
   2.7770939e-04
   6.6112909e-04
   2.1253135e-03
   3.7198495e-03
   1.1783289e-03
   2.1780795e-03
   4.2287318e-05
   3.8152985e-04
   1.4080258e-03
   1.9763981e-03
   1.1977599e-03
   2.2491450e-03
   2.9990930e-03
   1.9164702e-03
   2.2113716e-03
   1.1530919e-03
   2.6553465e-03
   2.2363485e-03
   1.8632708e-03
   9.7126046e-04
   3.8872478e-04
   2.5857009e-03
   4.5019621e-04
   2.7013818e-03
   3.7699817e-03
   7.9153243e-04
   3.5478248e-03
   1.4681218e-03
   2.3190969e-03
   3.2685912e-03
   1.0320570e-03
   3.7367746e-03
   3.7186219e-03
   1.6088667e-03
   2.4579421e-03
   1.7900491e-03
   6.6752103e-04
   8.5413784e-04
   1.2659896e-03
   3.1715977e-03
   3.7111102e-03
   9.6101856e-04
   4.3569127e-04
   1.3146027e-03
   3.4786123e-03
   2.0156881e-03
   3.3058702e-03
   1.5314282e-03
   3.6956381e-03
   1.1111653e-04
   2.1118360e-03
   1.8877703e-03
   2.4184587e-03
   9.0469978e-04
   1.4716561e-03
   2.6130852e-03
   2.5719284e-03
   7.9106216e-04
   6.0295388e-04
   2.2091562e-04
   2.7619267e-03
   3.6611499e-03
   1.6448731e-03
   2.1495426e-03
   1.4369465e-03
   2.3381822e-05
   2.6536420e-04
   2.8199050e-03
   1.5666152e-03
   1.9375409e-03
   3.2086758e-03
   3.4146918e-03
   2.9138919e-03
   3.3910204e-03
   1.7913616e-03
   2.0446140e-04
   1.2882995e-04
   3.7317237e-03
   3.0431488e-03
   3.0065936e-03
   1.1412622e-03
   7.8953601e-04
   3.3393562e-03
   3.4449352e-03
   3.6276963e-03
   2.4907713e-03
   5.2927842e-04
   1.1199487e-04
   3.2660828e-03
   8.9091868e-04
   2.6213782e-03
   1.8365394e-03
   5.4382916e-04
   6.6138513e-04
   1.4221565e-03
   1.5890457e-03
   1.9590034e-03
   3.6805544e-03
   2.4878111e-03
   9.6427277e-04
   1.4960626e-03
   2.3820896e-03
   2.7151280e-03
   5.5663081e-04
   6.4680838e-04
   7.0958874e-04
   2.0020728e-03
   2.8120307e-03
   1.0320778e-03
   2.1748300e-03
   1.4300830e-03
   2.9146383e-03
   2.7736608e-03
   6.4453291e-04
   3.2168716e-03
   2.9233379e-03
   1.9906871e-03
   2.2595880e-03
   1.6132353e-03
   8.1405751e-04
   3.4556375e-03
   3.6276153e-04
   1.2339045e-03
   1.0456863e-03
   1.5612416e-03
   2.9738732e-03
   2.5521806e-03
   3.5442780e-03
   3.6986320e-04
   2.8683356e-03
   3.1498094e-03
   2.9153327e-03
   3.1949619e-03
   2.9298722e-03
   4.4345134e-04
   2.1327972e-03
   2.3219722e-03
   3.3117859e-03
   3.6995153e-03
   2.8008687e-03
   2.4680678e-03
   2.9751776e-03
   1.1910593e-03
   1.2066563e-03
   1.0945848e-03
   5.3719359e-04
   2.6834515e-03
   2.8494003e-03
   2.3444860e-03
   1.2335053e-03
   3.3923226e-03
   3.4237597e-04
   3.5998743e-03
   7.7146573e-04
   3.2828838e-03
   2.3601910e-03
   1.6360572e-03
   1.6944679e-03
   9.6892544e-04
   2.4386208e-03
   9.5565794e-04
   2.4967059e-03
   2.0663447e-03
   1.7557961e-03
   2.9483312e-04
   3.2902618e-03
   3.1858821e-04
   2.3523513e-04
   2.6244623e-03
   2.6736534e-03
   3.1186731e-03
   3.5653314e-03
   2.8724711e-03
   3.7756106e-03
   1.3860594e-03
   2.5076482e-03
   5.9349621e-04
   3.2873979e-03
   9.7817884e-04
   3.2187354e-03
   2.6266484e-03
   1.7558697e-03
   3.1656641e-03
   2.6858819e-03
   1.0045007e-03
   3.6961875e-03
   1.6059228e-03
   6.8219308e-04
   2.3768243e-03
   1.0568740e-03
   3.2353779e-03
   1.1842320e-03
   1.2927217e-03
   3.3514373e-03
   6.8974324e-04
   2.0890711e-03
   2.2975110e-04
   2.5408830e-03
   1.6067696e-03
   3.2123270e-03
   2.3243117e-03
   1.1396986e-03
   1.8220065e-03
   2.4450459e-03
   1.2697986e-03
   1.2447772e-03
   1.9383359e-03
   2.9694691e-03
   1.6838904e-03
   3.3595653e-03
   2.6806940e-03
   3.0250087e-03
   3.3337405e-03
   3.7039145e-03
   2.2239987e-03
   3.1474091e-03
   3.6342850e-03
   2.5061540e-03
   4.6514614e-04
   1.3784005e-03
   6.7623999e-04
   1.8495118e-03
   1.8007617e-03
   2.0294577e-03
   2.2194916e-03
   7.3967753e-05
   1.0506075e-03
   6.6534741e-04
   2.0869031e-03
   2.1658991e-03
   9.8245303e-05
   2.3136160e-03
   2.3953488e-03
   2.2995573e-03
   6.4392487e-04
   2.6348949e-03
   6.9984293e-04
   3.4435235e-03
   2.1886740e-03
   2.6411824e-03
   2.1284339e-03
   3.4110238e-03
   1.8048264e-03
   3.4880055e-03
   2.0915763e-03
   4.6217577e-04
   3.0387113e-03
   3.4918345e-03
   1.4902259e-03
   1.8935291e-03
   2.3293459e-03
   2.5789600e-03
   1.8387346e-03
   1.9804644e-03
   2.3893120e-03
   3.5430594e-03
   1.0283941e-03
   3.2867388e-03
   9.9091576e-04
   2.9621529e-03
   1.1640535e-03
   2.0565421e-03
   3.3273404e-04
   3.7485154e-04
   3.1691618e-03
   3.4174341e-03
   2.3136761e-03
   3.3613501e-03
   8.7187817e-04
   2.9205152e-03
   3.2470819e-03
   1.5401120e-03
   2.4292187e-04
   7.9827773e-05
   2.0183719e-03
   2.5962511e-03
   1.4497819e-04
   1.2914059e-03
   3.7453810e-03
   3.7686298e-03
   2.2015701e-03
   3.0782620e-03
   9.3786460e-04
   1.3189583e-03
   3.7750282e-03
   2.2881391e-03
   3.1258313e-03
   1.9308644e-03
   3.1611105e-03
   2.0525259e-03
   1.5818050e-03
   3.3314884e-03
   4.2968670e-04
   3.2598195e-03
   6.7953514e-04
   1.9858691e-04
   4.8180034e-04
   2.8941411e-03
   2.6035378e-03
   3.0075653e-04
   7.2916153e-04
   2.2917673e-04
   1.3072208e-03
   2.0328684e-03
   2.7735145e-03
   3.5470162e-03
   2.7111967e-03
   1.4328081e-03
   1.7507114e-03
   2.9840760e-03
   3.0459996e-03
   4.2396307e-04
   1.4712133e-03
   2.0666259e-03
   1.2902206e-03
   1.9260599e-03
   2.4396665e-03
   3.4393637e-03
   2.8317051e-03
   2.8735476e-03
   2.9358707e-03
   3.0215385e-03
   2.8733071e-04
   2.8500032e-03
   2.6884864e-03
   9.3232207e-05
   3.0947468e-03
   2.4403443e-03
   3.0640953e-03
   2.2411076e-03
   5.5829622e-04
   2.5397329e-03
   1.1412154e-03
   6.6862460e-04
   2.6343015e-03
   1.6874221e-03
   3.2168142e-03
   1.6547794e-03
   3.4657218e-03
   1.8656516e-03
   1.5511214e-03
   2.4598991e-03
   1.0651521e-03
   2.6646801e-03
   2.2641666e-03
   1.3665117e-03
   8.9655558e-04
   4.4282164e-04
   3.1161830e-03
   2.6093390e-03
   1.9491635e-03
   1.8209071e-03
   1.2274894e-03
   4.9039073e-04
   2.8147760e-03
   4.0400712e-04
   1.4468496e-03
   2.2456563e-03
   3.5762319e-04
   6.8069443e-04
   2.4636551e-03
   2.0219753e-03
   1.3615217e-03
   1.3004420e-03
   2.4052120e-03
   3.7425844e-04
   3.2490015e-03
   2.1879438e-03
   3.4198002e-03
   5.4780892e-04
   2.8126741e-03
   6.6835016e-04
   1.2394640e-03
   7.0893268e-05
   1.0351318e-03
   6.3595007e-04
   1.3175480e-03
   8.5969721e-04
   2.8401029e-03
   8.1130503e-04
   2.6746695e-03
   1.2458262e-04
   2.6939186e-03
   5.0469078e-04
   2.5398903e-03
   2.9976050e-04
   3.2705535e-03
   3.1988434e-04
   2.1168790e-03
   1.1115235e-03
   3.2348068e-03
   3.5952354e-05
   5.6656817e-04
   2.5008821e-03
   2.5398271e-03
   3.3510955e-03
   6.8360140e-04
   4.3691481e-04
   1.1234348e-03
   8.9390585e-04
   3.6247124e-05
   1.2332269e-03
   2.8348187e-03
   9.1567964e-04
   1.5984931e-03
   3.0531332e-03
   2.6242565e-03
   1.9521315e-05
   2.1575045e-03
   3.5453612e-03
   1.9384270e-03
   4.1833308e-04
   9.8078311e-04
   2.2157478e-03
   3.0258440e-03
   1.2250721e-03
   2.9191272e-03
   2.2694824e-03
   3.0274995e-03
   2.1325543e-03
   3.9281185e-04
   1.0875794e-04
   3.2744966e-03
   2.6106899e-04
   2.2500859e-03
   1.2222015e-03
   1.8479249e-03
   2.3563461e-03
   1.1289615e-03
   4.5040693e-04
   2.9782396e-03
   1.8856682e-03
   3.5756930e-03
   3.7275228e-06
   1.4157102e-03
   3.6735211e-03
   3.0873600e-03
   2.9673439e-03
   3.2675955e-03
   4.6804434e-04
   3.8121737e-04
   2.2026406e-03
   3.7485742e-03
   3.4833608e-03
   3.5193351e-04
   3.3796372e-03
   9.3523673e-04
   1.0187251e-03
   2.1967712e-03
   2.7924485e-04
   3.3103524e-03
