   3.1008732e-02   3.3198774e-02   3.4769999e-02   2.9067133e-02   3.3223159e-02   3.1392815e-02   3.2673779e-02   3.0214079e-02   3.1183832e-02   3.2989488e-02   3.3967487e-02   3.1787733e-02   3.4448183e-02   3.4073668e-02   3.1427755e-02   2.6955611e-02   2.8554362e-02   2.9206207e-02   2.9455588e-02   3.0455380e-02   3.2888443e-02   2.7829675e-02   3.2597887e-02   3.2551879e-02   3.2839018e-02   3.2022831e-02   3.1671477e-02   3.2559102e-02   3.1999859e-02   2.8706299e-02   3.0513234e-02   1.0000000e+00
   3.1639599e-02   3.2137952e-02   3.1287790e-02   3.1663718e-02   3.1008457e-02   3.2051997e-02   3.2568331e-02   3.2639304e-02   3.0172301e-02   3.0895138e-02   2.8357034e-02   2.9647929e-02   3.3184413e-02   2.8114373e-02   3.2079630e-02   3.0900609e-02   3.6479715e-02   3.3472460e-02   3.3610459e-02   3.2435190e-02   2.6119450e-02   3.4265289e-02   3.0311183e-02   2.9288483e-02   2.9655557e-02   3.1051457e-02   3.0554933e-02   3.4488857e-02   2.9190539e-02   3.1389144e-02   3.0416744e-02   1.0000000e+00
   3.0192343e-02   3.1496357e-02   3.1455520e-02   3.2614537e-02   2.9115251e-02   3.0487038e-02   3.0370383e-02   3.0399909e-02   3.0555776e-02   3.2169034e-02   3.2173719e-02   3.0553188e-02   3.3344724e-02   3.4149199e-02   3.2094873e-02   3.2892297e-02   2.9307426e-02   3.3172605e-02   3.0646186e-02   2.9394613e-02   3.3943191e-02   3.1499651e-02   3.0419963e-02   3.4011426e-02   3.1425483e-02   3.1880161e-02   3.2159365e-02   2.9440987e-02   3.2324674e-02   3.2357806e-02   3.0528438e-02   1.0000000e+00
   3.1551769e-02   3.5153498e-02   3.1960783e-02   3.0702633e-02   3.2681122e-02   2.7895492e-02   2.7413902e-02   2.7497945e-02   2.9320494e-02   3.7183842e-02   2.9234639e-02   3.2519128e-02   3.4098275e-02   3.4678788e-02   3.1499861e-02   3.1398190e-02   2.8366582e-02   3.2510846e-02   2.8639791e-02   3.2660148e-02   3.0189751e-02   3.1604583e-02   3.4148627e-02   2.6466252e-02   2.8385460e-02   3.0223603e-02   3.0629941e-02   3.4363486e-02   3.1881081e-02   3.1173683e-02   3.2193305e-02   1.0000000e+00
   3.4446469e-02   3.1062169e-02   3.0435370e-02   2.9424011e-02   3.2669529e-02   2.8349377e-02   3.0789197e-02   3.2746866e-02   3.0303806e-02   2.7399557e-02   3.1111323e-02   3.1178265e-02   3.0166107e-02   2.7827900e-02   3.0191307e-02   2.9360626e-02   3.2633868e-02   2.8581139e-02   2.9583339e-02   3.3977756e-02   2.8637245e-02   3.1699581e-02   2.9994206e-02   3.0864424e-02   2.8045799e-02   3.1028547e-02   3.0916164e-02   3.0987772e-02   2.8956632e-02   2.9651267e-02   3.1225493e-02   1.0000000e+00
   3.1249964e-02   3.0312424e-02   3.0928082e-02   3.1834711e-02   2.9955343e-02   3.1973121e-02   3.7095841e-02   3.0193157e-02   3.2729411e-02   3.2373852e-02   3.3221921e-02   3.1084148e-02   2.9447237e-02   3.1670134e-02   2.7425439e-02   3.0150163e-02   3.3458980e-02   2.9490705e-02   3.0828751e-02   3.5079105e-02   3.2461831e-02   3.2348312e-02   2.8408264e-02   3.1139133e-02   3.1117950e-02   2.8711852e-02   2.9434934e-02   2.9155515e-02   3.0261139e-02   3.1140895e-02   3.3959519e-02   1.0000000e+00
   3.1176360e-02   3.2972666e-02   3.1946785e-02   2.9125151e-02   3.1921682e-02   3.2586117e-02   3.3316712e-02   3.2429693e-02   2.9107933e-02   3.2295191e-02   3.0782917e-02   3.1703851e-02   3.4559456e-02   3.1182727e-02   3.2256722e-02   3.0370217e-02   3.1352289e-02   3.0192946e-02   2.8460035e-02   3.1907876e-02   3.3851590e-02   3.1062502e-02   3.4937000e-02   2.8650618e-02   3.0645774e-02   3.0567041e-02   3.2980827e-02   3.2208597e-02   3.2089823e-02   3.3072202e-02   3.1369399e-02   1.0000000e+00
   3.1245041e-02   2.9659647e-02   3.0940440e-02   3.3241935e-02   3.2145181e-02   3.0784854e-02   3.0493571e-02   3.2787852e-02   3.1749675e-02   3.0913869e-02   3.2305994e-02   3.1523280e-02   3.2387489e-02   2.9275275e-02   3.1126042e-02   3.0968929e-02   2.9628948e-02   3.0817527e-02   2.9270803e-02   3.2335757e-02   3.3059498e-02   3.1139377e-02   2.9035552e-02   3.4756928e-02   3.2605628e-02   2.8784028e-02   3.0392541e-02   3.0108346e-02   3.0409074e-02   2.9535661e-02   3.1246549e-02   1.0000000e+00
   3.4418061e-02   2.8962253e-02   2.8266476e-02   3.1398168e-02   3.3352374e-02   2.8731276e-02   3.0414433e-02   3.0257881e-02   3.1175286e-02   3.2133093e-02   3.1204596e-02   3.3775492e-02   3.1317479e-02   3.3906556e-02   2.9356821e-02   2.9395640e-02   3.2253720e-02   2.9576576e-02   3.1693849e-02   3.5091288e-02   3.2910090e-02   2.9893153e-02   3.0539243e-02   2.8921514e-02   3.1442443e-02   3.3326105e-02   3.0396480e-02   3.1981040e-02   3.2622176e-02   3.0340473e-02   2.7975849e-02   1.0000000e+00
   3.1606642e-02   3.0650798e-02   3.0600475e-02   3.2246083e-02   3.1950087e-02   3.0975309e-02   3.0088291e-02   3.2522611e-02   3.2320008e-02   3.0881864e-02   3.1270729e-02   3.1085595e-02   3.0528218e-02   2.7788758e-02   3.0654780e-02   3.1736451e-02   3.2530425e-02   3.2175127e-02   3.2088557e-02   3.0353670e-02   2.9535261e-02   3.2708205e-02   2.9661558e-02   3.2972380e-02   3.3065913e-02   2.9428769e-02   3.1599446e-02   3.1175085e-02   2.7844982e-02   2.9714260e-02   3.2143345e-02   1.0000000e+00
   2.9331188e-02   3.3390718e-02   2.9323414e-02   2.6401515e-02   2.9295489e-02   3.3274174e-02   3.1996203e-02   3.0643692e-02   2.9103445e-02   3.2040898e-02   2.7774982e-02   3.0259608e-02   3.2706703e-02   3.0698754e-02   3.4166616e-02   2.9814440e-02   3.6726315e-02   3.2044427e-02   3.2614777e-02   2.9368566e-02   3.0720645e-02   2.9450652e-02   3.4620734e-02   2.6408930e-02   2.8114580e-02   3.2335747e-02   3.3403384e-02   3.1635793e-02   3.5267668e-02   3.2947123e-02   3.0850087e-02   1.0000000e+00
   3.1601450e-02   3.0204473e-02   3.2133751e-02   3.1103118e-02   3.2670053e-02   3.0061361e-02   3.2006235e-02   3.0548286e-02   2.8799784e-02   3.2774024e-02   3.1460044e-02   3.0220937e-02   3.1910259e-02   2.8453194e-02   3.3868646e-02   3.1552269e-02   3.1663677e-02   3.4580299e-02   3.1060112e-02   3.2947656e-02   2.8000684e-02   3.2807726e-02   2.9561329e-02   3.1319787e-02   2.8454018e-02   2.9965363e-02   2.6793640e-02   3.1726158e-02   3.4276479e-02   3.0397612e-02   3.2598845e-02   1.0000000e+00
   3.2817844e-02   2.8438502e-02   3.0056334e-02   3.1429173e-02   2.8595098e-02   2.9598971e-02   2.8300365e-02   3.3318434e-02   3.0591589e-02   2.6914512e-02   3.2441710e-02   3.0567290e-02   2.9954805e-02   2.9328989e-02   3.1779319e-02   3.2390486e-02   2.9336039e-02   3.1763565e-02   3.1702279e-02   3.0662119e-02   2.9545630e-02   3.2875356e-02   3.3006706e-02   3.3549091e-02   2.9140475e-02   3.3973260e-02   3.0585003e-02   2.9080921e-02   3.0500760e-02   3.2256621e-02   3.1951596e-02   1.0000000e+00
   3.3516347e-02   3.1553316e-02   3.2316015e-02   2.9256662e-02   2.9469863e-02   2.9776226e-02   3.2659239e-02   3.1953140e-02   3.0280047e-02   2.9307088e-02   3.2298477e-02   3.0500831e-02   3.1962950e-02   3.0025401e-02   2.9860783e-02   3.2852734e-02   3.0031567e-02   2.9491198e-02   2.9488613e-02   3.0944076e-02   3.2087434e-02   3.3684629e-02   2.9446412e-02   3.2205724e-02   2.9417992e-02   3.0183552e-02   3.2181867e-02   3.1345418e-02   2.6102293e-02   3.2418230e-02   2.9611482e-02   1.0000000e+00
   3.1212942e-02   3.4372974e-02   3.1202631e-02   2.9301757e-02   3.3720771e-02   3.1557984e-02   3.3306443e-02   3.1778569e-02   3.2011831e-02   3.0557443e-02   3.1054774e-02   3.2170474e-02   3.0399203e-02   2.9611042e-02   3.1604968e-02   3.3134391e-02   2.9884277e-02   2.8655234e-02   2.9895610e-02   3.1470610e-02   2.8560031e-02   3.1613364e-02   3.1332492e-02   3.0095065e-02   3.0160964e-02   3.0355988e-02   3.0266404e-02   2.9901557e-02   3.4274426e-02   2.8170094e-02   3.2959818e-02   1.0000000e+00
   2.9903156e-02   3.0848834e-02   3.3200948e-02   3.2871464e-02   3.0842532e-02   3.0154407e-02   3.0800348e-02   3.1461061e-02   3.1327578e-02   3.1710379e-02   3.5005749e-02   3.0627055e-02   2.7539494e-02   3.1220630e-02   3.0224415e-02   2.9174304e-02   2.9705271e-02   3.3818750e-02   3.4834647e-02   2.9707342e-02   3.2184831e-02   2.9133242e-02   3.3506699e-02   3.1718741e-02   3.0576021e-02   3.1788603e-02   3.2940380e-02   3.1454318e-02   3.2410329e-02   3.5455099e-02   3.3874542e-02   1.0000000e+00
   2.9922850e-02   2.9352221e-02   3.1090323e-02   3.0801055e-02   3.0216097e-02   3.4507726e-02   2.9524994e-02   3.1893500e-02   3.2515348e-02   2.9254007e-02   2.9256215e-02   3.1443085e-02   3.3704816e-02   3.1535607e-02   2.9305954e-02   3.2816601e-02   3.4882166e-02   2.8733772e-02   3.3491682e-02   3.0983497e-02   2.9061725e-02   3.0706435e-02   3.0750505e-02   3.0884455e-02   3.7628973e-02   3.0419668e-02   3.5248804e-02   2.9048948e-02   3.1732007e-02   2.7014193e-02   2.8203089e-02   1.0000000e+00
   3.0200068e-02   3.0099329e-02   3.1671995e-02   2.7570813e-02   3.1719861e-02   3.2533089e-02   2.8843059e-02   2.9771008e-02   2.8895739e-02   3.3530165e-02   3.5948678e-02   3.0140125e-02   3.1711830e-02   3.4954108e-02   3.1671258e-02   3.1858121e-02   3.0598518e-02   2.9916875e-02   2.9976327e-02   3.2325655e-02   3.1654147e-02   3.1769721e-02   3.3116375e-02   2.7121666e-02   3.1780379e-02   3.0678866e-02   3.2909441e-02   3.0017742e-02   3.3002967e-02   2.8039779e-02   3.4213537e-02   1.0000000e+00
   3.1665964e-02   3.2509066e-02   3.0904373e-02   3.1734605e-02   2.9194750e-02   3.1116513e-02   2.9461398e-02   2.7134862e-02   3.2000727e-02   2.9828172e-02   3.0031632e-02   3.0950709e-02   3.0356676e-02   3.1415488e-02   2.9948308e-02   3.0982471e-02   3.3236961e-02   3.1175134e-02   3.2931597e-02   2.9679636e-02   3.0456269e-02   2.8731561e-02   3.3036243e-02   2.5882042e-02   2.9470127e-02   3.4073510e-02   3.1460690e-02   3.3639637e-02   2.9560101e-02   3.3171664e-02   3.2075747e-02   1.0000000e+00
   3.0680558e-02   3.2709053e-02   3.3141172e-02   3.4439515e-02   3.4044020e-02   3.3271799e-02   2.8579177e-02   2.9843341e-02   3.0865028e-02   3.1232721e-02   3.0604669e-02   2.9365483e-02   2.9271378e-02   3.1241561e-02   3.2554546e-02   3.3113704e-02   3.1873088e-02   3.1485513e-02   3.0318513e-02   3.1829841e-02   3.0229867e-02   3.1561046e-02   3.1358455e-02   2.9090363e-02   3.1909980e-02   3.1919511e-02   2.9926355e-02   3.3499190e-02   2.9924199e-02   3.0226472e-02   3.2542872e-02   1.0000000e+00
   3.1809810e-02   3.0915640e-02   3.0757034e-02   3.3551726e-02   2.9783841e-02   3.1672306e-02   3.4383095e-02   3.1057373e-02   3.3782645e-02   3.0032304e-02   3.2121136e-02   3.2068478e-02   3.1306341e-02   3.1654649e-02   3.0398003e-02   3.2494205e-02   2.8559075e-02   3.1943822e-02   3.1228507e-02   3.0502359e-02   3.2321315e-02   3.2595846e-02   3.0720505e-02   3.5264288e-02   3.1366346e-02   3.0139141e-02   3.0497882e-02   3.1114162e-02   2.9595063e-02   3.2026289e-02   3.0723982e-02   1.0000000e+00
   2.9941144e-02   3.2400619e-02   3.3369851e-02   3.6298575e-02   3.0897157e-02   3.2989957e-02   3.2936420e-02   3.0202050e-02   3.0749815e-02   3.0757072e-02   2.8731410e-02   3.0882615e-02   3.0616808e-02   3.2144599e-02   3.3253557e-02   3.5752689e-02   3.0145278e-02   3.1546132e-02   3.1017791e-02   3.0728201e-02   3.1303222e-02   3.3674640e-02   3.1427300e-02   3.2816328e-02   3.5166972e-02   3.3585771e-02   2.8302450e-02   3.2142438e-02   2.8988634e-02   3.0972002e-02   2.9187838e-02   1.0000000e+00
   3.1996616e-02   3.2413002e-02   2.8305792e-02   2.9889389e-02   3.2230881e-02   3.1527017e-02   2.9228674e-02   2.8720460e-02   2.9058632e-02   3.0359961e-02   2.8831979e-02   3.0709006e-02   3.2001912e-02   2.9154425e-02   3.3255011e-02   3.3186092e-02   3.1112668e-02   3.0092201e-02   3.2375110e-02   3.0578393e-02   3.0273628e-02   3.2175923e-02   3.1193971e-02   2.7929313e-02   3.0815669e-02   3.3679500e-02   3.2129056e-02   3.0740562e-02   3.3269055e-02   3.0489752e-02   2.7207678e-02   1.0000000e+00
   3.2932975e-02   3.1872162e-02   3.1074202e-02   2.9208092e-02   2.8994553e-02   3.4827524e-02   3.2421219e-02   3.3409129e-02   3.2579868e-02   3.1190154e-02   2.9158407e-02   3.2369967e-02   3.6229081e-02   2.7612302e-02   3.1186741e-02   3.3503050e-02   3.0446291e-02   3.2299305e-02   2.9762010e-02   2.7403973e-02   3.0624968e-02   3.2736894e-02   3.2632043e-02   3.3829019e-02   3.3614205e-02   2.9847383e-02   3.2071416e-02   3.0482157e-02   2.9439665e-02   3.1235626e-02   3.1271010e-02   1.0000000e+00
   2.9372394e-02   3.0679504e-02   3.1119720e-02   3.2639532e-02   3.3090667e-02   3.0709442e-02   2.9952619e-02   3.5648390e-02   2.9689814e-02   2.9903791e-02   2.9575381e-02   3.1389345e-02   2.9572638e-02   2.9754545e-02   3.2030157e-02   2.9531006e-02   3.3465233e-02   3.3274605e-02   3.1687578e-02   3.0957003e-02   3.1484700e-02   3.0248067e-02   3.3734875e-02   3.0852883e-02   3.1354846e-02   2.9810359e-02   3.4153033e-02   3.3317851e-02   3.2717015e-02   3.4466224e-02   3.2231623e-02   1.0000000e+00
   3.2634446e-02   2.9284285e-02   3.0515497e-02   3.0682712e-02   3.1847662e-02   3.2597162e-02   2.9377980e-02   2.9563105e-02   3.2616460e-02   3.1068542e-02   3.1495449e-02   3.1703644e-02   3.0460538e-02   3.1178986e-02   3.0509469e-02   3.0564268e-02   3.1006094e-02   3.0465710e-02   3.0870379e-02   3.1617116e-02   3.1782484e-02   3.0553143e-02   2.9914079e-02   3.2524833e-02   3.2273800e-02   3.1829082e-02   3.1114514e-02   3.0804070e-02   3.1437442e-02   2.8827393e-02   2.9502662e-02   1.0000000e+00
   2.9968144e-02   2.9552708e-02   3.2452525e-02   3.4512415e-02   3.0103702e-02   2.9954842e-02   3.0621337e-02   3.3906984e-02   3.2229258e-02   3.2389490e-02   3.4566613e-02   3.0965018e-02   2.9186000e-02   3.3706799e-02   2.9701034e-02   2.9032154e-02   3.0180944e-02   3.3344258e-02   3.1515373e-02   3.0100853e-02   3.5535137e-02   2.9292379e-02   2.9904348e-02   3.4414328e-02   3.0254884e-02   3.0633767e-02   3.1118471e-02   3.3742154e-02   3.0725995e-02   3.5117078e-02   3.1706169e-02   1.0000000e+00
   3.0339178e-02   2.9048861e-02   3.0804163e-02   3.1070624e-02   3.0823618e-02   3.3517380e-02   3.2564302e-02   2.9887430e-02   3.3700361e-02   3.2366054e-02   3.2011069e-02   3.1711958e-02   2.8056577e-02   3.3521677e-02   2.9320249e-02   3.1605582e-02   3.1329614e-02   2.9415216e-02   3.0070679e-02   3.4993022e-02   3.4361509e-02   3.1025779e-02   2.7014838e-02   3.2072863e-02   3.1011238e-02   2.9665016e-02   2.9057230e-02   2.8869269e-02   3.2509877e-02   3.0952644e-02   3.3043852e-02   1.0000000e+00
   3.1908947e-02   2.4735458e-02   2.6705199e-02   3.1119309e-02   2.8982983e-02   2.7847772e-02   3.0495379e-02   3.2931230e-02   3.2909575e-02   3.0887231e-02   3.2473788e-02   3.3625939e-02   2.6831532e-02   3.2047723e-02   2.9245285e-02   3.1011416e-02   3.2038114e-02   3.1517175e-02   3.4007679e-02   3.2361506e-02   3.3014668e-02   3.0390405e-02   2.9935972e-02   3.5201291e-02   3.4017016e-02   2.9834761e-02   3.1139489e-02   2.7339612e-02   3.1528778e-02   3.2193801e-02   3.0733624e-02   1.0000000e+00
   2.8567607e-02   3.1342141e-02   3.2269939e-02   3.4701598e-02   3.0819919e-02   3.3149354e-02   3.1361246e-02   3.1172851e-02   3.3390237e-02   2.7833999e-02   3.1171847e-02   3.1067334e-02   2.6940719e-02   3.2180100e-02   3.2209437e-02   3.1539689e-02   3.0813240e-02   3.2576717e-02   3.4364254e-02   3.0046085e-02   3.0753794e-02   2.9219511e-02   3.0605066e-02   3.2189067e-02   3.1186219e-02   3.4585326e-02   3.0472994e-02   3.0778931e-02   3.4512032e-02   3.3486871e-02   3.2464770e-02   1.0000000e+00
   3.0328754e-02   3.4633895e-02   3.1813810e-02   2.8457315e-02   3.2815998e-02   2.8503235e-02   3.3536083e-02   3.0257260e-02   3.1634603e-02   3.4914871e-02   2.9806338e-02   3.1829642e-02   3.3840144e-02   3.3645836e-02   3.4562944e-02   3.0282905e-02   2.8063401e-02   3.0312562e-02   2.9662436e-02   2.9584194e-02   3.1964362e-02   3.1483612e-02   2.9256032e-02   2.9394934e-02   2.9716365e-02   3.1692145e-02   3.0725800e-02   3.2057016e-02   3.0039059e-02   3.1084597e-02   3.0250522e-02   1.0000000e+00
   3.0812638e-02   3.4036701e-02   3.3179594e-02   3.1640955e-02   3.1818299e-02   3.1624362e-02   3.2419743e-02   3.3208548e-02   3.2649093e-02   3.1912194e-02   3.0549294e-02   3.0572847e-02   3.1958014e-02   3.2246206e-02   3.1230069e-02   2.9678687e-02   3.0335852e-02   3.2351392e-02   3.2846686e-02   2.7517512e-02   3.0482600e-02   3.0219743e-02   3.3871539e-02   3.5611953e-02   3.3339907e-02   3.1979290e-02   3.2765587e-02   3.0793309e-02   3.0606176e-02   3.1969146e-02   3.1222779e-02   1.0000000e+00
