   9.2001397e-03
   2.9603472e-02
   2.1372338e-02
   1.3776720e-02
   2.0237717e-02
   1.9429047e-02
   3.1744112e-02
   2.4745331e-02
   2.3274507e-02
   2.8511568e-02
   3.4480511e-04
   1.8503545e-02
   3.1455807e-02
   1.7276347e-02
   2.0304660e-03
   1.8282089e-02
   7.3856321e-03
   1.4263796e-02
   3.2020863e-03
   4.1153915e-03
   2.5952851e-02
   8.2518788e-03
   1.6185260e-02
   1.6932062e-02
   6.3471484e-04
   2.8393449e-02
   1.4895910e-02
   3.1725668e-02
   1.8436837e-02
   2.8305734e-02
   7.8193897e-03
   3.8060033e-03
   4.9017462e-03
   1.9261241e-03
   6.4816981e-03
   2.8109463e-02
   2.4957166e-02
   3.0169457e-02
   2.6143906e-03
   2.2627464e-03
   3.1640399e-02
   1.6890173e-02
   2.5501877e-02
   1.0028342e-02
   3.8369705e-03
   1.5715808e-02
   1.3444679e-02
   2.9650493e-02
   5.1624662e-03
   6.5918373e-03
   4.8591715e-03
   3.1005568e-02
   2.4238672e-02
   6.6839143e-03
   2.1552181e-02
   7.1084004e-03
   1.4546163e-02
   3.0444767e-02
   1.8840387e-02
   4.7826762e-03
   2.0381156e-02
   5.9668288e-03
   2.6836593e-03
   6.9259422e-03
