   1.5597267e-02   3.2144076e-02   5.3750715e-02   8.4570159e-03   4.2484752e-02   1.4254127e-02   3.9654829e-02   8.1160678e-02   4.9286646e-02   4.4406573e-02   1.7908795e-02   3.0642066e-02   3.1650433e-02   5.7283716e-02   2.5230372e-03   9.8940610e-03   4.8459517e-02   2.4744143e-02   1.5076362e-02   8.8463154e-03   3.2220944e-02   1.8502828e-02   6.6382190e-02   6.5443738e-03   5.0162672e-02   2.6098346e-03   1.4740871e-03   5.1887814e-02   3.0700321e-03   5.6618858e-02   2.1138838e-03   4.1938881e-02
   2.5176917e-02   5.0052871e-02   1.6682291e-03   1.8971406e-04   4.8863457e-03   1.8366653e-03   1.2343640e-02   1.3969029e-03   3.6032920e-03   1.1236168e-02   3.5864268e-02   1.9546161e-02   4.0222539e-02   4.7072194e-02   2.7309767e-02   3.8653681e-02   5.4126031e-03   5.0435071e-02   4.0866641e-02   2.4286520e-02   4.0770362e-02   4.9452370e-02   2.3651826e-02   1.6130828e-02   5.9610330e-04   2.6945379e-02   5.9208151e-02   4.3147731e-02   1.7815062e-02   2.4225659e-02   4.2042552e-02   1.9678715e-02
   4.2090916e-03   6.0516115e-02   3.5908108e-02   1.0753009e-02   4.4905899e-03   3.7297851e-02   3.7284668e-02   9.1543760e-03   2.4190045e-03   5.4170540e-02   2.3442842e-02   1.1466861e-02   4.8206465e-02   6.4084190e-02   1.7323981e-02   5.2805360e-02   5.0442332e-02   1.7205072e-02   3.6923404e-02   3.3616559e-02   1.2686543e-02   7.4253606e-03   3.4593706e-02   3.2551079e-02   7.9829619e-03   3.0862312e-02   5.6213197e-02   2.1768744e-02   4.7581813e-02   1.8253203e-02   9.0359468e-03   1.1204436e-02
   4.8305907e-03   3.0252264e-03   2.8683915e-03   3.1370764e-02   1.1530246e-02   4.2581592e-04   6.2968868e-02   1.0593559e-03   1.6808278e-02   3.6575937e-02   1.4470255e-03   4.1746096e-02   2.5492578e-02   6.1127568e-03   2.9425951e-02   6.3018158e-03   5.3048365e-02   4.9033820e-02   1.6213043e-02   4.0980801e-02   2.6667788e-02   5.0350032e-02   2.1562316e-02   4.2967092e-02   7.1803569e-03   5.0867279e-02   1.9478099e-02   6.6269334e-02   1.6410912e-02   1.1213151e-02   3.4844465e-02   3.7582781e-02
   2.8748433e-02   5.7754430e-03   2.8787926e-02   2.9523016e-02   5.1349597e-02   3.5096487e-02   3.2944395e-02   1.6343939e-02   4.4879229e-03   9.5078258e-03   3.0769357e-02   1.9577391e-02   2.5275329e-03   2.5791620e-02   5.4086966e-02   5.1723342e-02   4.9651400e-03   5.1499852e-02   3.5367203e-02   2.0653474e-02   3.7387232e-02   4.9706571e-02   4.4199094e-04   4.5099941e-02   2.9383102e-02   1.1654232e-02   4.2703743e-02   8.7400089e-03   5.1121529e-02   4.4264222e-02   4.5469063e-02   4.0818933e-02
   1.7528405e-02   4.5056071e-02   3.4384414e-02   2.1863185e-02   5.8396122e-02   2.6707388e-02   3.3079579e-02   9.5682469e-04   5.8680343e-02   2.6139273e-02   5.6041760e-02   6.1377786e-02   2.0365439e-02   3.3112845e-02   1.7795472e-02   3.7203915e-02   4.9915030e-02   2.5359816e-02   4.5975242e-02   3.2330631e-02   1.0160863e-03   5.3450778e-02   3.3748586e-02   7.2701592e-02   1.7936793e-02   8.2056790e-03   2.1768468e-02   5.8485038e-02   3.1445894e-02   4.2535403e-02   3.1949445e-02   5.4836069e-02
   8.4659358e-03   4.7655911e-02   1.4925297e-03   2.2363423e-02   5.0863042e-02   1.4267028e-02   5.4848513e-02   5.4089124e-02   5.6118881e-02   3.9399531e-02   1.5320269e-02   3.7597248e-02   3.5644181e-02   1.6641532e-02   4.3998509e-02   2.5988584e-02   5.2490707e-02   3.8637643e-02   1.7152985e-02   5.1319834e-02   2.9221988e-02   2.2237196e-02   2.9972114e-02   6.4819218e-02   2.8916207e-02   3.9044860e-02   6.6135509e-02   1.0684058e-02   1.9422773e-02   5.4610130e-02   2.4382251e-02   2.2148832e-02
   9.3128207e-03   7.3972899e-02   4.9494520e-03   2.7001945e-04   7.4966753e-02   5.1565999e-02   7.4672054e-03   4.7006577e-02   2.7999306e-02   6.3653413e-02   3.0715754e-03   6.0757922e-02   4.8973589e-02   2.6378462e-03   2.0384174e-03   1.0835998e-02   7.6902218e-04   3.6538509e-02   3.0893537e-02   6.0572812e-02   6.5088226e-02   4.9135307e-02   1.7869185e-02   7.5344955e-03   2.1900925e-02   7.9159147e-03   2.0532047e-02   3.4563531e-02   5.8872176e-02   2.3468079e-02   5.8757473e-02   1.9719534e-02
   1.7342168e-02   6.5551192e-03   5.0268554e-02   4.4432042e-02   5.0684653e-02   1.3728592e-02   4.5759242e-02   1.5268751e-02   1.0070287e-02   2.2909623e-02   1.3576224e-02   7.7802762e-04   1.2956037e-02   4.9605962e-02   8.7814873e-03   1.0964191e-02   2.5541938e-02   4.5542006e-02   1.7785642e-02   2.5685355e-02   6.4219585e-03   2.7253957e-02   1.9103187e-03   5.9531856e-02   1.7538984e-02   4.8723023e-02   8.8620848e-03   4.5364310e-02   3.4770435e-02   8.5524735e-03   1.5330698e-02   1.8652045e-02
   8.8736866e-02   1.9107343e-02   3.0530092e-02   3.2644146e-02   5.5367822e-02   4.9319189e-03   2.3073520e-04   1.4046261e-02   2.0474716e-02   3.1331185e-02   3.3415540e-02   3.8235118e-02   2.6240593e-02   4.2078815e-02   5.1241005e-02   2.6048028e-02   3.4957377e-02   1.1344816e-02   4.4578582e-02   4.5235925e-02   2.6018425e-02   5.7987939e-03   4.7036246e-02   1.0605331e-02   2.8987428e-02   1.1637764e-02   4.8141512e-02   2.4408525e-02   4.5344806e-02   2.6832644e-02   1.5956690e-02   1.9795381e-02
   5.2088041e-02   2.9850667e-02   1.9361831e-02   2.2237992e-02   8.2597897e-03   2.7417603e-02   2.9991828e-02   6.2381188e-03   2.2143245e-02   3.2922771e-02   1.5131660e-02   3.0863831e-02   3.9543224e-02   7.1171539e-03   9.3897367e-03   2.4337634e-02   1.8348455e-02   1.8113880e-04   6.6704441e-03   2.4582872e-03   3.5191264e-02   4.6422255e-02   2.2346625e-03   5.3448299e-02   3.8193554e-02   3.2212702e-02   2.5633056e-02   4.1234021e-03   1.1023580e-02   2.5562782e-02   4.0511356e-02   4.8346442e-02
   4.3585677e-02   2.1325204e-02   2.5709111e-02   1.7678378e-02   6.7579038e-02   9.9693532e-03   5.0788177e-02   2.7430733e-02   4.7869242e-02   4.8638242e-02   4.2437695e-02   6.0702367e-02   3.3662306e-02   1.0253864e-02   6.4299090e-02   2.1373561e-02   4.1587371e-02   5.4640426e-02   5.5217912e-02   5.0036003e-02   2.0213328e-02   5.1267387e-02   1.8079770e-02   4.4271013e-02   5.7027754e-02   4.7905071e-02   4.2757948e-02   4.0489045e-02   1.6192103e-02   5.9310292e-02   3.4705454e-02   4.8756315e-02
   2.8484666e-02   4.8527316e-02   1.0204311e-02   5.2839861e-02   3.4798878e-02   5.3273976e-02   3.8731675e-02   6.3268199e-04   3.0198720e-02   8.6125894e-03   8.5471275e-04   4.7935447e-02   3.2335406e-02   4.4303933e-02   2.3154860e-02   5.0271225e-02   5.0680864e-02   1.5149048e-02   1.8197877e-02   1.9901151e-02   5.9790260e-02   1.8505826e-02   4.4873451e-02   1.8664075e-02   1.8128660e-02   4.6987561e-02   6.3166432e-02   2.0746391e-02   4.0571754e-02   9.4567668e-03   1.6699811e-02   1.8163430e-02
   4.5137805e-02   1.6122498e-02   9.8849833e-03   5.1982651e-02   4.9051142e-03   3.2269392e-02   3.0583881e-02   4.2296991e-02   6.5616431e-02   2.2740243e-02   4.1686583e-02   6.3894024e-02   1.9132797e-02   2.4727642e-02   4.8039973e-02   5.0310656e-02   3.4285889e-02   1.3536998e-02   2.7763112e-02   1.3499951e-02   4.1959027e-02   6.6279241e-02   5.4129687e-02   5.0150783e-03   5.5841596e-02   2.7668095e-02   1.8113469e-02   8.7243413e-03   3.5650005e-02   3.5883195e-03   4.7799029e-02   4.0922337e-02
   8.2854861e-03   7.0096901e-03   1.9938951e-02   4.6067427e-02   1.8077701e-02   4.8203586e-02   1.7220028e-02   2.8423254e-02   5.3678504e-02   1.4538445e-02   2.0443435e-02   5.0279320e-02   2.2779481e-02   3.8443365e-03   2.6233150e-03   3.9397769e-02   2.7904869e-02   2.7383973e-02   4.1244064e-02   4.1040431e-02   1.1546520e-02   9.8752866e-03   3.0044382e-02   1.6603170e-02   4.5260892e-02   4.2877538e-02   3.9249487e-03   4.3505929e-02   2.1956987e-02   3.6961794e-02   8.0427810e-03   4.0080784e-02
   1.1914659e-02   4.7316208e-02   2.4561067e-02   2.9426730e-02   6.5869427e-02   4.8558425e-02   4.0364960e-02   2.4082764e-02   5.7971417e-02   3.9908991e-02   2.1272600e-03   1.1230307e-02   4.9334420e-02   2.7396620e-02   5.5906842e-02   2.7455183e-02   1.7121781e-02   1.9291745e-02   4.4240793e-02   2.2683317e-02   4.2050563e-02   2.2424041e-02   4.8801375e-02   6.2168201e-02   6.0852148e-02   6.2732985e-02   5.6614904e-02   3.9740848e-02   5.2792694e-02   2.2442399e-03   5.4530055e-02   6.2035802e-02
   2.7367523e-02   1.1296814e-02   4.4484632e-02   5.4041487e-02   5.0981199e-02   5.1133161e-02   5.6815489e-02   4.8029498e-02   1.9664721e-02   4.8943948e-02   2.2010022e-02   1.3563240e-02   1.9040468e-02   8.1833565e-03   2.8338853e-02   3.6229252e-02   4.4417118e-02   4.8448545e-02   8.6195203e-03   8.9214651e-03   5.7369923e-02   2.5190376e-02   4.5330231e-02   4.8437829e-03   1.2989651e-02   4.9785118e-02   2.3967758e-02   1.1468225e-02   2.4498922e-02   9.5713456e-03   1.2127968e-02   5.8762085e-02
   4.9915938e-02   6.2557338e-02   3.5347251e-02   5.9012385e-02   1.8875937e-04   4.3963627e-02   4.8811849e-02   9.0187465e-02   2.2459469e-02   3.2019365e-02   5.0656084e-02   6.6358566e-02   3.2373204e-02   5.3889091e-02   6.7697657e-02   4.4693776e-02   2.8426093e-02   6.2026364e-02   5.5382370e-02   1.9579012e-03   3.9701941e-02   1.7953731e-02   4.6778610e-02   2.8069724e-02   5.5834467e-03   1.5210041e-02   4.4734317e-02   7.7527072e-03   5.9885683e-02   5.3473338e-02   6.3325553e-03   4.3020045e-02
   1.2539543e-01   3.8398705e-02   2.5439607e-02   4.4857585e-03   3.9045356e-02   4.0923265e-02   5.4361030e-02   1.8855409e-02   5.0928134e-02   3.6585251e-02   4.8918554e-02   3.8485827e-03   1.7953184e-02   4.6789736e-02   1.6232136e-02   6.7753312e-03   3.3682546e-02   4.8526923e-02   7.2979788e-03   5.0143256e-02   4.1344147e-02   1.1601669e-02   3.5148790e-02   8.0306917e-03   3.6251526e-02   2.8846752e-02   1.0473557e-02   1.1853754e-02   2.2486584e-02   3.0486483e-02   3.9337366e-03   3.8369954e-03
   8.4185873e-04   2.0630539e-02   7.7305972e-03   1.5798849e-02   5.4082928e-02   4.0584485e-02   6.3714100e-03   4.0824328e-02   1.2469783e-02   1.7740970e-02   6.0205596e-02   3.0695207e-02   4.0683383e-02   2.9840317e-04   2.4271159e-02   3.3187837e-02   4.7684482e-02   2.3230151e-02   5.6080608e-02   4.2534068e-02   6.1810612e-02   4.3957841e-02   5.5141924e-02   1.0725119e-02   5.2674016e-02   4.3986117e-02   5.3207210e-03   9.3057030e-03   3.0266360e-02   3.6645897e-02   4.9746060e-02   1.4302367e-02
   1.8034289e-02   2.1883098e-05   6.1278612e-02   5.0573352e-02   1.6303298e-02   2.0416959e-02   3.2204921e-02   3.9205211e-02   8.1740125e-03   3.5242235e-02   6.4664128e-02   2.1592954e-02   3.4256418e-02   4.4679749e-02   7.8345379e-03   1.9975221e-02   1.5252973e-02   5.2067221e-02   6.0655254e-02   5.2085014e-02   5.7722363e-02   1.2166623e-02   3.5899467e-02   4.4103183e-03   9.4539963e-03   1.3069637e-02   1.1362637e-02   2.3397225e-02   4.7039236e-02   5.8497588e-02   5.3096940e-02   6.0659347e-02
   1.2536926e-03   9.5417451e-03   5.0471184e-02   2.8475306e-02   4.2742192e-03   3.1826313e-02   8.2321906e-03   2.8552173e-02   3.9930326e-02   2.5273949e-02   6.2867970e-02   4.8333286e-02   3.3653117e-02   4.6582984e-02   6.9755466e-02   3.4144606e-02   2.3828797e-02   1.0591147e-02   3.2575808e-02   4.8530920e-02   7.9122362e-03   3.4924746e-02   2.1149232e-02   5.4447240e-02   7.6274448e-03   4.6758571e-02   5.9881452e-02   6.3601677e-02   2.1133732e-02   5.7886636e-02   4.1701753e-02   2.4291361e-02
   3.8821298e-02   1.6003354e-02   5.0936175e-02   2.8258759e-02   1.4402043e-02   4.0952006e-02   3.3763449e-02   6.0473189e-02   5.1104793e-02   4.6804061e-02   4.8245625e-02   6.7794640e-03   2.0031252e-02   1.5451675e-02   2.7067767e-02   4.8820938e-02   3.0550554e-02   3.3370286e-02   3.3936159e-02   3.2586854e-02   9.6657227e-03   1.7659546e-02   3.3574493e-02   5.5456714e-03   3.9941024e-02   2.7167691e-02   1.8991514e-02   3.0733329e-02   2.1464561e-02   2.9427136e-02   3.9120975e-02   3.8618242e-02
   5.9684494e-02   4.9092091e-02   4.5431837e-02   5.3541006e-02   6.1309076e-03   3.0869490e-03   4.0754504e-02   7.0066842e-02   2.3120142e-02   3.7296878e-02   4.8428157e-02   5.2001178e-02   2.3192860e-02   5.2485281e-02   5.8932379e-03   2.5542277e-02   2.5535613e-02   4.0688231e-02   5.2510760e-02   4.9828260e-02   9.4772400e-03   3.0865547e-02   2.4842221e-02   4.2779217e-02   5.7898500e-02   3.4285312e-02   2.4248328e-02   1.8235699e-02   6.2628477e-03   1.7430961e-02   5.1562421e-02   4.9425736e-02
   3.8432494e-02   4.0197137e-02   6.2612505e-02   6.7788554e-02   3.3182732e-02   3.1797315e-02   1.0608854e-02   5.1817770e-02   1.3783160e-02   5.3103008e-02   3.4930843e-02   5.5606244e-02   2.5141937e-02   1.8868427e-02   5.3716060e-02   2.0047292e-03   5.8001076e-03   5.6996592e-03   7.8437451e-03   1.5114245e-02   2.0389131e-03   6.3379263e-02   7.6223195e-03   1.3496017e-02   6.1747231e-02   1.7682479e-02   4.5127752e-02   2.9275472e-02   4.4838336e-02   9.0246251e-03   2.9719122e-02   1.6680859e-02
   1.5611217e-02   2.1704214e-02   6.1900146e-02   4.6503197e-02   2.9747016e-02   2.1295355e-02   5.3630986e-02   1.4815692e-02   5.0856235e-03   6.3886067e-03   2.4512903e-02   4.0779751e-02   3.7820580e-03   1.6954777e-03   3.4049395e-02   6.0012855e-02   4.9303636e-02   3.4848456e-02   4.7515351e-02   5.5283115e-02   6.0051177e-04   1.5657365e-02   2.6679882e-02   4.9411076e-02   5.9889412e-03   5.2458794e-03   5.7954668e-02   4.8328102e-02   2.7123212e-02   6.4445592e-02   4.6986546e-02   4.0297495e-02
   4.5280947e-02   1.2525766e-02   1.2596704e-02   2.6084745e-02   1.9490756e-02   4.4362227e-02   2.0914328e-02   6.6029807e-03   3.9414518e-02   1.0407731e-02   5.7194599e-03   1.1218517e-02   1.7944002e-02   4.3558277e-03   1.4999483e-02   4.5121045e-02   1.5528812e-03   3.9947348e-02   3.5571508e-02   3.5491304e-02   2.7328799e-02   6.1431838e-05   2.5954840e-02   2.4198219e-02   3.7636184e-02   1.4251639e-02   3.8850937e-02   3.2778144e-02   2.3338915e-02   5.0602705e-02   1.7793482e-02   1.1368016e-02
   9.3741023e-04   2.1709064e-02   3.9136307e-02   5.7049707e-02   5.7456567e-02   3.4008307e-02   5.3803014e-02   4.4565618e-02   4.0589973e-02   4.1350619e-02   4.1328817e-02   4.2120908e-03   5.0359767e-02   4.8529556e-02   4.4796270e-02   1.8879445e-02   2.2073944e-02   1.4847930e-02   4.4500571e-02   1.5180984e-02   3.8546236e-02   5.3534376e-02   2.2061060e-02   1.8056672e-02   6.5275172e-02   5.4161556e-02   2.3918037e-02   4.0969206e-02   4.0353975e-02   6.0915622e-02   5.1352311e-02   4.4814869e-04
   6.0929058e-04   4.3243567e-02   4.4466967e-02   3.1914547e-02   2.9494486e-02   6.0827198e-02   1.9329433e-02   3.0480586e-02   2.5688700e-02   1.1672201e-02   5.4288145e-02   4.1173434e-02   4.5121757e-02   4.3580832e-02   5.6864260e-02   1.5904978e-02   2.0539697e-03   1.5168118e-02   1.2422570e-02   4.2112316e-03   5.4358997e-02   4.5204193e-02   2.3440336e-02   5.8597049e-02   3.4254151e-02   2.6856111e-02   1.2748768e-02   5.2533911e-02   1.2570194e-02   4.5779118e-02   8.9530722e-05   4.5711606e-02
   6.6153748e-02   5.7750692e-02   2.9641563e-02   9.3255101e-03   1.8021482e-02   3.0901580e-02   3.7651326e-03   2.1158745e-02   3.6861389e-02   1.9066914e-03   1.5965157e-02   1.6884517e-03   3.9910002e-02   4.5417966e-02   1.5785558e-02   4.5510074e-02   5.6708224e-02   4.6737669e-02   2.5808790e-02   4.0098836e-02   4.6623841e-02   3.2094216e-02   4.7493513e-02   4.9073413e-02   5.2383195e-03   1.6240828e-02   4.4559535e-02   2.6855317e-02   4.1729228e-02   5.9832504e-03   5.2736024e-02   1.4388930e-03
   9.5688022e-02   3.5498389e-02   5.8993974e-02   2.2298705e-02   3.7417396e-03   4.9897608e-02   1.5223826e-02   4.7481082e-02   5.8562288e-02   2.7264668e-02   5.8493938e-02   4.9437381e-03   5.4671052e-02   4.3343301e-02   3.7953723e-02   3.7435906e-02   3.2354151e-02   3.2107594e-02   9.6358858e-04   4.7373192e-03   1.9990075e-02   3.8550070e-02   3.8331915e-02   6.9626040e-02   2.0642220e-02   5.0405160e-02   2.7642343e-04   5.7710616e-02   5.4607627e-02   5.5269982e-03   3.7308756e-02   2.7567554e-02
   6.5275206e-03   4.5816043e-02   1.5263273e-02   2.2748760e-02   1.8946641e-02   3.4219438e-02   7.1473611e-03   1.7296079e-02   2.4736734e-02   6.1308469e-02   5.2255975e-03   1.0575325e-02   5.2818519e-02   6.3783311e-02   3.6806027e-02   4.2196723e-02   6.4843649e-02   1.1170279e-02   2.4148578e-02   5.0147860e-02   3.7257927e-02   9.1117756e-03   3.5219363e-02   3.4107731e-05   6.0908041e-02   5.7196880e-02   2.2855940e-02   1.2551865e-02   1.8358032e-02   1.6604688e-02   2.4220866e-02   1.8890534e-02
