   7.6400000e+03   7.9960000e+03   1.8180000e+03   3.3890000e+03   2.0370000e+03   2.5220000e+03   2.2120000e+03   5.8370000e+03   3.2030000e+03   4.9040000e+03   6.3500000e+02   7.8300000e+02   7.1380000e+03   2.8510000e+03   5.1040000e+03   6.6900000e+02   1.9560000e+03   4.3450000e+03   5.9800000e+03   3.4310000e+03   2.5250000e+03   6.7790000e+03   7.5240000e+03   8.6700000e+02   4.9160000e+03   7.2800000e+03   7.6100000e+02   2.3350000e+03   3.2520000e+03   3.9400000e+03   5.1600000e+03   2.8410000e+03
   4.3800000e+03   1.3550000e+03   3.6900000e+03   3.4100000e+03   7.2680000e+03   7.5480000e+03   5.2070000e+03   4.0090000e+03   5.3600000e+02   7.9430000e+03   4.4310000e+03   5.3780000e+03   6.7870000e+03   2.4740000e+03   5.9000000e+02   4.1100000e+03   4.2680000e+03   7.1760000e+03   2.2550000e+03   6.1700000e+02   1.9200000e+02   4.8040000e+03   4.5640000e+03   4.9200000e+03   4.3230000e+03   7.5990000e+03   1.3060000e+03   3.9710000e+03   7.8200000e+02   4.0680000e+03   3.6930000e+03   5.1910000e+03
   6.0050000e+03   6.4010000e+03   1.4840000e+03   6.5940000e+03   5.6900000e+02   5.5370000e+03   5.4700000e+02   1.8550000e+03   5.3500000e+02   6.2700000e+02   7.0000000e+03   2.2920000e+03   2.8920000e+03   2.9960000e+03   6.2240000e+03   4.6960000e+03   6.1020000e+03   3.5720000e+03   3.6910000e+03   1.1680000e+03   3.0950000e+03   4.1250000e+03   1.7860000e+03   6.5430000e+03   4.2650000e+03   2.5460000e+03   5.2440000e+03   2.1250000e+03   1.3920000e+03   4.8050000e+03   6.0630000e+03   7.4800000e+03
   3.7100000e+03   6.9610000e+03   1.9610000e+03   4.4090000e+03   6.6730000e+03   4.8910000e+03   5.0810000e+03   3.4780000e+03   5.1490000e+03   1.8620000e+03   1.3890000e+03   6.0220000e+03   2.8720000e+03   1.0550000e+03   3.2530000e+03   2.9320000e+03   3.0520000e+03   8.5700000e+02   4.4370000e+03   4.4580000e+03   3.9490000e+03   2.2240000e+03   7.4140000e+03   7.7770000e+03   4.8390000e+03   1.5400000e+03   3.2970000e+03   4.4140000e+03   5.9190000e+03   3.3570000e+03   3.4390000e+03   3.0390000e+03
   7.0640000e+03   5.9720000e+03   4.5500000e+02   4.1970000e+03   7.9770000e+03   5.2850000e+03   4.5670000e+03   5.4030000e+03   5.9540000e+03   2.6960000e+03   6.0800000e+02   2.3850000e+03   1.8020000e+03   7.4120000e+03   1.7350000e+03   3.8450000e+03   6.5170000e+03   3.1000000e+03   7.8550000e+03   6.1040000e+03   7.6690000e+03   1.4710000e+03   1.2030000e+03   5.8820000e+03   5.8220000e+03   3.0380000e+03   2.7580000e+03   7.0590000e+03   1.3280000e+03   2.0170000e+03   3.8160000e+03   7.5790000e+03
   3.5510000e+03   4.1860000e+03   4.4040000e+03   6.2700000e+02   5.9290000e+03   1.3790000e+03   5.0270000e+03   4.5120000e+03   1.0390000e+03   3.8480000e+03   4.1480000e+03   7.1930000e+03   6.9600000e+03   1.6610000e+03   6.8700000e+02   4.2420000e+03   3.4250000e+03   2.4730000e+03   1.9140000e+03   6.1920000e+03   7.7570000e+03   5.8200000e+02   2.4220000e+03   5.3190000e+03   3.9400000e+02   7.6580000e+03   3.5710000e+03   3.3620000e+03   6.5720000e+03   6.8400000e+02   3.9330000e+03   7.7750000e+03
   6.9540000e+03   3.6240000e+03   4.6360000e+03   5.0990000e+03   2.9670000e+03   3.8360000e+03   1.7130000e+03   7.8670000e+03   4.5570000e+03   2.4240000e+03   1.1560000e+03   5.4520000e+03   7.7190000e+03   6.8350000e+03   3.4920000e+03   6.5770000e+03   3.7800000e+02   6.8800000e+02   5.4960000e+03   1.1810000e+03   6.6670000e+03   6.3890000e+03   1.1760000e+03   7.9610000e+03   1.1340000e+03   4.8770000e+03   9.6200000e+02   5.3430000e+03   2.8160000e+03   3.5630000e+03   3.8890000e+03   7.9660000e+03
   2.7700000e+02   6.7070000e+03   2.1030000e+03   4.9480000e+03   7.1810000e+03   7.9180000e+03   7.3670000e+03   3.4520000e+03   6.5060000e+03   2.4520000e+03   1.5520000e+03   6.8590000e+03   4.4250000e+03   7.6750000e+03   7.4820000e+03   5.9290000e+03   3.1830000e+03   2.1960000e+03   3.8290000e+03   3.1500000e+02   1.4080000e+03   1.0720000e+03   3.4000000e+01   3.7090000e+03   5.7890000e+03   7.0800000e+02   4.0200000e+03   1.4060000e+03   3.0450000e+03   6.0800000e+03   1.9320000e+03   3.4880000e+03
   7.9520000e+03   1.1370000e+03   3.8010000e+03   5.9590000e+03   6.7500000e+02   7.3320000e+03   7.3100000e+02   4.0470000e+03   3.4030000e+03   2.6430000e+03   7.1860000e+03   7.4620000e+03   3.7470000e+03   4.6150000e+03   5.2860000e+03   6.7070000e+03   4.8230000e+03   3.1310000e+03   2.2180000e+03   2.8600000e+02   5.6240000e+03   4.3610000e+03   3.5730000e+03   7.4330000e+03   5.9970000e+03   7.7400000e+02   7.8950000e+03   1.8430000e+03   4.3370000e+03   2.7620000e+03   1.2270000e+03   9.5600000e+02
   6.2730000e+03   4.6980000e+03   3.8160000e+03   7.7110000e+03   1.0720000e+03   3.8370000e+03   6.2160000e+03   7.2300000e+03   3.8340000e+03   3.4220000e+03   5.8570000e+03   7.3700000e+02   6.2320000e+03   1.3310000e+03   7.8830000e+03   4.2130000e+03   8.0000000e+02   6.9900000e+02   5.4200000e+03   2.5570000e+03   6.9470000e+03   7.4010000e+03   7.8920000e+03   7.3800000e+03   6.5180000e+03   1.8710000e+03   2.5900000e+02   6.8430000e+03   1.2640000e+03   7.4300000e+02   4.0400000e+02   7.0310000e+03
   4.4900000e+03   1.1700000e+03   4.1240000e+03   4.2960000e+03   4.4740000e+03   5.2910000e+03   4.1090000e+03   6.4220000e+03   3.4680000e+03   3.4000000e+01   5.8100000e+03   5.3460000e+03   7.2000000e+02   2.5160000e+03   7.1310000e+03   1.7070000e+03   2.4880000e+03   4.8990000e+03   7.5560000e+03   8.6200000e+02   1.2620000e+03   3.9090000e+03   1.4750000e+03   7.0920000e+03   7.9970000e+03   4.9610000e+03   5.6730000e+03   5.5380000e+03   4.8700000e+03   2.2850000e+03   4.1240000e+03   1.4110000e+03
   7.1720000e+03   1.2330000e+03   5.5570000e+03   6.0700000e+03   2.5940000e+03   7.7110000e+03   5.2020000e+03   1.4550000e+03   5.2080000e+03   3.7490000e+03   7.8600000e+03   7.2110000e+03   6.4050000e+03   5.7610000e+03   2.5520000e+03   5.7930000e+03   6.1200000e+03   1.4340000e+03   1.9450000e+03   3.7180000e+03   1.8400000e+02   6.6810000e+03   1.8920000e+03   7.2240000e+03   8.6900000e+02   1.8150000e+03   6.3760000e+03   5.1700000e+02   6.8510000e+03   4.6290000e+03   5.6700000e+03   2.0900000e+03
   8.9900000e+02   4.8630000e+03   5.1590000e+03   7.7630000e+03   1.7750000e+03   7.6670000e+03   5.1320000e+03   7.9200000e+02   3.7130000e+03   2.9060000e+03   4.3590000e+03   6.0530000e+03   2.0430000e+03   7.7100000e+02   8.0200000e+02   2.7280000e+03   5.7610000e+03   5.3120000e+03   7.3790000e+03   5.6060000e+03   7.0900000e+03   6.9680000e+03   7.9260000e+03   2.8930000e+03   3.2650000e+03   3.8940000e+03   2.5360000e+03   5.0480000e+03   5.7360000e+03   3.4750000e+03   4.1450000e+03   6.6770000e+03
   2.8940000e+03   7.2800000e+03   5.2390000e+03   3.1720000e+03   2.1750000e+03   1.8740000e+03   1.8800000e+03   5.2520000e+03   6.2830000e+03   5.9300000e+02   5.4080000e+03   4.0630000e+03   6.9300000e+02   5.4150000e+03   4.1930000e+03   2.6090000e+03   7.1030000e+03   2.7130000e+03   3.1420000e+03   8.7400000e+02   4.6250000e+03   6.5440000e+03   5.8640000e+03   4.5280000e+03   5.0490000e+03   1.8760000e+03   3.9230000e+03   7.6440000e+03   2.3600000e+03   8.6400000e+02   7.5900000e+02   5.9380000e+03
   5.6350000e+03   1.1430000e+03   7.9540000e+03   2.3550000e+03   5.2840000e+03   4.7950000e+03   7.3490000e+03   6.3960000e+03   2.0970000e+03   2.6400000e+03   1.4500000e+03   4.4960000e+03   3.4210000e+03   2.4500000e+03   2.4710000e+03   6.1410000e+03   8.4900000e+02   4.2500000e+02   4.2250000e+03   3.0250000e+03   1.5770000e+03   6.2920000e+03   2.2060000e+03   1.1820000e+03   1.8260000e+03   4.2210000e+03   3.7940000e+03   6.5730000e+03   3.2590000e+03   4.9600000e+03   2.8750000e+03   4.2810000e+03
   3.0430000e+03   3.2750000e+03   6.1600000e+03   6.0000000e+02   1.1730000e+03   1.6180000e+03   3.5340000e+03   8.6100000e+02   5.2360000e+03   6.2880000e+03   6.4170000e+03   3.9140000e+03   6.8810000e+03   1.1820000e+03   1.9050000e+03   1.2120000e+03   1.3210000e+03   1.2110000e+03   2.6070000e+03   7.1300000e+03   5.7730000e+03   6.9850000e+03   3.7560000e+03   2.7810000e+03   4.7640000e+03   6.3020000e+03   4.3960000e+03   2.2330000e+03   1.4650000e+03   2.9200000e+02   3.7030000e+03   4.6670000e+03
   4.8120000e+03   5.8920000e+03   4.9540000e+03   4.6170000e+03   4.9520000e+03   4.2690000e+03   2.4850000e+03   5.7440000e+03   6.2230000e+03   4.9160000e+03   4.9060000e+03   3.9520000e+03   3.2840000e+03   3.9240000e+03   6.0360000e+03   5.9640000e+03   2.3000000e+01   5.1290000e+03   6.5120000e+03   2.9090000e+03   1.9130000e+03   7.4540000e+03   5.8270000e+03   6.5580000e+03   1.2840000e+03   5.9580000e+03   9.6100000e+02   6.1000000e+01   3.9950000e+03   7.1520000e+03   1.3770000e+03   4.3400000e+02
   3.0500000e+02   7.6830000e+03   7.4140000e+03   3.0560000e+03   1.9420000e+03   1.4170000e+03   7.0120000e+03   4.5950000e+03   6.4170000e+03   7.2340000e+03   1.6900000e+03   1.8330000e+03   1.7280000e+03   3.4180000e+03   6.6350000e+03   1.3910000e+03   8.3200000e+02   5.9400000e+03   6.5630000e+03   2.9730000e+03   1.5910000e+03   1.0150000e+03   7.1640000e+03   7.4260000e+03   1.8210000e+03   4.0180000e+03   7.1200000e+03   5.0030000e+03   8.6800000e+02   6.5550000e+03   6.1710000e+03   4.2000000e+02
   7.2090000e+03   4.8200000e+02   7.1230000e+03   3.1780000e+03   6.3100000e+02   3.4210000e+03   3.8670000e+03   5.7500000e+02   1.2530000e+03   7.5740000e+03   2.5200000e+03   3.3770000e+03   7.8620000e+03   7.1370000e+03   3.9360000e+03   5.5800000e+03   3.4500000e+02   3.6760000e+03   7.8960000e+03   4.9020000e+03   6.0810000e+03   7.1670000e+03   1.1400000e+02   1.7420000e+03   1.1940000e+03   3.5850000e+03   1.1940000e+03   7.5740000e+03   1.6520000e+03   2.2690000e+03   6.5290000e+03   4.8200000e+03
   3.8170000e+03   4.2920000e+03   6.2400000e+02   3.5400000e+02   1.5580000e+03   6.7840000e+03   3.0000000e+03   5.0470000e+03   1.3840000e+03   1.9790000e+03   2.5890000e+03   2.7980000e+03   1.5480000e+03   6.9500000e+03   6.3740000e+03   1.0700000e+02   6.0480000e+03   5.0120000e+03   4.9280000e+03   7.6790000e+03   5.3300000e+02   5.6660000e+03   7.8400000e+02   6.9440000e+03   3.3460000e+03   3.9090000e+03   7.3500000e+02   4.9820000e+03   4.4070000e+03   3.9090000e+03   2.2060000e+03   7.0830000e+03
   2.0950000e+03   2.3640000e+03   6.7070000e+03   1.3300000e+03   1.5800000e+03   7.1000000e+01   1.9900000e+03   4.2440000e+03   2.8210000e+03   3.3040000e+03   7.1570000e+03   4.4480000e+03   2.5990000e+03   5.6790000e+03   4.0750000e+03   6.0380000e+03   4.1550000e+03   7.5320000e+03   2.9180000e+03   4.7060000e+03   7.7290000e+03   1.5950000e+03   3.7260000e+03   3.1100000e+02   2.0270000e+03   6.8060000e+03   7.7800000e+03   2.3600000e+03   6.5600000e+03   6.2410000e+03   5.4840000e+03   4.3050000e+03
   3.1900000e+03   6.0300000e+02   1.5930000e+03   6.9570000e+03   5.5090000e+03   2.6400000e+03   7.7640000e+03   5.0600000e+02   4.0950000e+03   4.2310000e+03   5.8870000e+03   5.9400000e+02   2.5000000e+01   7.0470000e+03   5.7160000e+03   2.5290000e+03   3.7500000e+02   6.5590000e+03   5.4820000e+03   1.2330000e+03   1.6210000e+03   2.8260000e+03   5.0430000e+03   4.2830000e+03   4.5280000e+03   5.0790000e+03   3.6010000e+03   4.8730000e+03   2.9800000e+02   3.4010000e+03   6.0450000e+03   9.4500000e+02
   2.2010000e+03   7.3230000e+03   4.6450000e+03   2.6310000e+03   2.2230000e+03   1.4250000e+03   3.1630000e+03   5.4100000e+02   1.2030000e+03   6.7610000e+03   1.5750000e+03   5.0470000e+03   7.3000000e+01   4.2500000e+03   6.5790000e+03   2.1350000e+03   1.3640000e+03   2.5460000e+03   6.0890000e+03   1.8480000e+03   4.2450000e+03   4.8000000e+01   2.2480000e+03   8.7300000e+02   5.1800000e+02   4.5990000e+03   4.9490000e+03   4.2780000e+03   7.2040000e+03   6.5570000e+03   4.6730000e+03   7.1390000e+03
   8.3000000e+02   1.2700000e+03   5.8350000e+03   8.7200000e+02   7.8990000e+03   5.4980000e+03   7.2600000e+02   2.8400000e+02   6.0680000e+03   4.6590000e+03   6.5140000e+03   3.2710000e+03   5.5140000e+03   6.1680000e+03   1.6760000e+03   1.6250000e+03   4.8290000e+03   2.7730000e+03   6.0650000e+03   4.6910000e+03   6.0260000e+03   5.4150000e+03   1.2270000e+03   2.9750000e+03   5.9800000e+03   6.7120000e+03   3.2250000e+03   5.3530000e+03   6.5690000e+03   2.0340000e+03   5.7130000e+03   7.6460000e+03
   8.2200000e+02   5.7040000e+03   2.4590000e+03   2.1660000e+03   7.0730000e+03   2.2290000e+03   5.6010000e+03   4.4990000e+03   3.1180000e+03   1.4070000e+03   7.9420000e+03   7.6220000e+03   7.0530000e+03   7.8270000e+03   5.9120000e+03   3.9930000e+03   1.5080000e+03   1.3800000e+02   6.9680000e+03   7.1700000e+03   7.6580000e+03   4.8560000e+03   3.9390000e+03   7.2260000e+03   6.4690000e+03   2.9820000e+03   4.6670000e+03   7.2840000e+03   8.9400000e+02   2.5210000e+03   3.0070000e+03   2.9830000e+03
   2.0600000e+02   6.9100000e+02   4.1100000e+03   6.0180000e+03   1.4970000e+03   1.9640000e+03   4.5230000e+03   7.3300000e+02   2.1740000e+03   4.5250000e+03   5.5800000e+02   4.3360000e+03   4.8840000e+03   5.7730000e+03   4.7050000e+03   2.4130000e+03   2.9880000e+03   8.3200000e+02   7.1650000e+03   2.0270000e+03   3.6660000e+03   1.7850000e+03   1.7800000e+03   2.2620000e+03   4.3550000e+03   4.5120000e+03   2.6810000e+03   7.5480000e+03   1.0300000e+02   3.3570000e+03   6.4530000e+03   7.6100000e+03
   5.9430000e+03   2.2500000e+03   2.1740000e+03   5.2110000e+03   5.1610000e+03   6.1610000e+03   3.2680000e+03   5.2310000e+03   1.3960000e+03   1.4950000e+03   1.1780000e+03   5.6580000e+03   4.5390000e+03   7.2240000e+03   4.7780000e+03   5.5600000e+02   7.6720000e+03   7.4280000e+03   6.3920000e+03   4.6110000e+03   5.3970000e+03   1.4960000e+03   1.9150000e+03   2.6070000e+03   2.0390000e+03   7.5280000e+03   3.8010000e+03   7.8650000e+03   4.0200000e+02   1.6660000e+03   1.8630000e+03   4.5910000e+03
   1.1820000e+03   5.1550000e+03   7.8400000e+02   2.9840000e+03   9.7700000e+02   5.2230000e+03   1.8390000e+03   5.9100000e+02   9.8300000e+02   3.4290000e+03   5.3490000e+03   6.9320000e+03   6.5020000e+03   7.8270000e+03   7.2100000e+03   6.9410000e+03   2.8260000e+03   4.3230000e+03   7.8770000e+03   6.1820000e+03   1.1820000e+03   1.5400000e+02   1.1900000e+03   6.0600000e+03   5.7510000e+03   5.4900000e+03   7.9170000e+03   5.5070000e+03   4.8060000e+03   2.9400000e+03   2.1830000e+03   1.7720000e+03
   2.5450000e+03   3.0070000e+03   4.1930000e+03   2.2370000e+03   7.3280000e+03   1.8180000e+03   2.1260000e+03   3.4590000e+03   3.5120000e+03   4.1400000e+02   7.2100000e+02   6.9000000e+02   6.1160000e+03   2.9980000e+03   6.7550000e+03   7.1040000e+03   2.5300000e+02   7.5000000e+02   1.6720000e+03   6.9550000e+03   3.0030000e+03   4.5710000e+03   7.8270000e+03   1.4760000e+03   1.3610000e+03   6.2370000e+03   2.4910000e+03   4.4500000e+02   2.2780000e+03   6.8650000e+03   7.7090000e+03   3.2120000e+03
   3.3570000e+03   2.2680000e+03   2.8290000e+03   3.8000000e+03   5.5260000e+03   3.6440000e+03   4.0400000e+02   3.9620000e+03   2.0770000e+03   6.5560000e+03   7.6400000e+03   7.7100000e+03   7.1620000e+03   6.0520000e+03   1.3920000e+03   1.6370000e+03   1.7160000e+03   4.9740000e+03   2.2150000e+03   4.2100000e+02   2.1530000e+03   6.1420000e+03   4.7240000e+03   4.0790000e+03   3.7550000e+03   2.6470000e+03   1.1380000e+03   4.3040000e+03   3.8480000e+03   7.6180000e+03   7.7280000e+03   5.9030000e+03
   3.2170000e+03   6.1410000e+03   4.3010000e+03   4.3000000e+01   5.2240000e+03   1.5590000e+03   3.9720000e+03   1.0960000e+03   5.1520000e+03   2.3560000e+03   2.7640000e+03   6.3780000e+03   1.8660000e+03   7.8000000e+02   2.8810000e+03   3.8950000e+03   4.5400000e+02   4.1520000e+03   4.5560000e+03   4.2590000e+03   6.0110000e+03   7.6250000e+03   7.9490000e+03   2.3740000e+03   4.6830000e+03   7.8010000e+03   3.2270000e+03   7.7700000e+03   6.9490000e+03   6.9900000e+03   2.1910000e+03   5.1830000e+03
   1.5640000e+03   2.3900000e+03   3.2320000e+03   4.4010000e+03   3.3230000e+03   3.7890000e+03   2.8710000e+03   7.1350000e+03   7.9970000e+03   5.7280000e+03   6.6810000e+03   1.2430000e+03   3.1780000e+03   1.5390000e+03   1.3300000e+02   2.6490000e+03   4.9080000e+03   3.1910000e+03   7.7610000e+03   3.7560000e+03   3.7230000e+03   4.8340000e+03   1.6070000e+03   1.8340000e+03   5.8100000e+02   3.7340000e+03   8.7400000e+02   3.5770000e+03   1.1240000e+03   7.9900000e+02   6.4280000e+03   3.1540000e+03
