8.9394e-03
1.8343e-02
1.6855e-02
1.3885e-02
4.7783e-04
4.1465e-04
2.5271e-03
6.8331e-03
6.0212e-03
9.1067e-04
8.4934e-03
2.3804e-02
9.4200e-03
2.8825e-02
4.3147e-03
1.8770e-02
2.3320e-03
2.3175e-03
6.3409e-04
1.5633e-04
1.0201e-02
1.9734e-04
4.0496e-03
2.5574e-03
8.7237e-03
2.0274e-03
1.5733e-03
2.2220e-02
9.4523e-03
9.9811e-05
2.0051e-02
5.9178e-03
9.6968e-03
1.0300e-02
9.4760e-03
7.3608e-03
1.5826e-03
1.6407e-03
1.4952e-03
6.0328e-03
1.0934e-02
5.4322e-03
6.1744e-03
1.1670e-02
4.3677e-04
5.5161e-04
6.5663e-03
1.2938e-02
6.1022e-03
2.3057e-02
1.3833e-02
7.5117e-03
3.0005e-03
3.7156e-03
1.5792e-03
1.6935e-02
4.1412e-04
5.7098e-04
1.0491e-03
2.7642e-03
3.8627e-03
7.6673e-03
2.5131e-03
9.3165e-03
inf
inf
inf
inf
inf
inf
inf
inf
inf
inf
inf
inf
inf
inf
inf
inf
inf
inf
inf
inf
inf
inf
inf
inf
inf
inf
inf
inf
inf
inf
inf
inf
inf
inf
inf
inf
inf
inf
inf
inf
inf
inf
inf
inf
inf
inf
inf
inf
inf
inf
inf
inf
inf
inf
inf
inf
inf
inf
inf
inf
inf
inf
inf
inf


alphasum = 5.1353e+03


lld = 8.5439e+00

=>CPU
cpuTime = 0.003103 (s)
log_likelihood = 1089.941358
