file name = apple01.txt
nfft = 
audio length = 2694

buffer()
frame number = 85
buffer right

NFFT:128
T = 85
log_likelihood=-3980.775635
Warning: sum along dimension is zero! Change it to 1. (FILE:train.c,LINE:1241)
row = 0
   0.12614 
   0.25879 
   0.30422 
   0.10276 
   0.17173 
   0.37452 
   0.20776 
   0.47299 
   0.00571 
   0.09236 
   0.08510 
   0.10523 
   0.09338 
   0.04202 
   0.04298 
   0.06798 
   0.10118 
   0.00735 
   0.13005 
   0.22121 
   0.55449 
   0.21700 
   0.11205 
   0.36730 
   0.12777 
   0.31503 
   0.28737 
   0.68794 
   0.07653 
   0.21508 
   0.25169 
   0.70598 
   0.15574 
   0.07616 
   0.45085 
   0.27791 
   0.00932 
   0.14279 
   0.51237 
   0.00741 
   0.15009 
   0.19436 
   0.00417 
   0.52953 
   0.00243 
   0.07422 
   0.07160 
   0.01729 
   0.23781 
   0.01731 
   0.01852 
   0.10140 
   0.17469 
   0.77720 
   0.21889 
   0.46074 
   0.23392 
   0.32176 
   0.34531 
   0.21744 
   0.23933 
   0.71176 
   0.08276 
   0.41344 
   0.06984 
   0.30265 
   0.04666 
   0.52091 
   0.20802 
   0.16760 
   0.32405 
   0.33934 
   0.29209 
   0.29856 
   0.13750 
   0.22099 
   0.19937 
   0.19511 
   0.45124 
   0.06249 
   0.46779 
   0.20147 
   0.63027 
   0.21408 
   0.51306 

row = 1
   0.66104 
   0.00009 
   0.00027 
   0.09171 
   0.18088 
   0.16095 
   0.02855 
   0.20213 
   0.97884 
   0.57304 
   0.20660 
   0.11318 
   0.51475 
   0.52750 
   0.52330 
   0.52944 
   0.34072 
   0.94140 
   0.25482 
   0.33030 
   0.08186 
   0.04522 
   0.01890 
   0.01301 
   0.02652 
   0.00424 
   0.05730 
   0.02469 
   0.22802 
   0.31048 
   0.37224 
   0.00679 
   0.05688 
   0.58599 
   0.16318 
   0.01349 
   0.95521 
   0.63037 
   0.09557 
   0.94600 
   0.15648 
   0.47943 
   0.98239 
   0.08561 
   0.92868 
   0.40848 
   0.28648 
   0.74950 
   0.20181 
   0.91427 
   0.59410 
   0.05754 
   0.01717 
   0.00409 
   0.06017 
   0.04047 
   0.01155 
   0.04898 
   0.11574 
   0.01713 
   0.00494 
   0.00464 
   0.03072 
   0.00458 
   0.63779 
   0.01099 
   0.18348 
   0.03014 
   0.01135 
   0.01783 
   0.02306 
   0.00671 
   0.01036 
   0.00155 
   0.00460 
   0.29720 
   0.41066 
   0.09563 
   0.00547 
   0.62130 
   0.06546 
   0.09875 
   0.00363 
   0.01595 
   0.03318 

row = 2
   0.21282 
   0.74112 
   0.69551 
   0.80552 
   0.64738 
   0.46453 
   0.76369 
   0.32488 
   0.01545 
   0.33460 
   0.70830 
   0.78159 
   0.39187 
   0.43048 
   0.43372 
   0.40258 
   0.55810 
   0.05125 
   0.61513 
   0.44849 
   0.36365 
   0.73778 
   0.86905 
   0.61969 
   0.84571 
   0.68073 
   0.65533 
   0.28737 
   0.69545 
   0.47444 
   0.37607 
   0.28723 
   0.78738 
   0.33784 
   0.38597 
   0.70860 
   0.03547 
   0.22684 
   0.39206 
   0.04659 
   0.69343 
   0.32620 
   0.01345 
   0.38486 
   0.06889 
   0.51730 
   0.64193 
   0.23321 
   0.56037 
   0.06842 
   0.38738 
   0.84106 
   0.80814 
   0.21872 
   0.72094 
   0.49879 
   0.75453 
   0.62927 
   0.53895 
   0.76543 
   0.75574 
   0.28360 
   0.88652 
   0.58198 
   0.29237 
   0.68636 
   0.76986 
   0.44895 
   0.78064 
   0.81457 
   0.65289 
   0.65395 
   0.69755 
   0.69989 
   0.85790 
   0.48181 
   0.38997 
   0.70927 
   0.54329 
   0.31621 
   0.46675 
   0.69978 
   0.36610 
   0.76997 
   0.45376 

